  -80.00   -5.25
  -80.00   -5.75
  -79.75   -6.00
  -79.25   -6.00
  -79.00   -6.25
  -79.00   -6.75
  -78.75   -7.00
  -78.25   -7.00
  -78.00   -7.25
  -78.00   -8.00
  -78.00   -8.75
  -77.75   -9.00
  -77.25   -9.00
  -77.00   -9.25
  -77.00  -10.00
  -77.00  -11.00
  -77.00  -11.75
  -76.75  -12.00
  -76.25  -12.00
  -76.00  -12.25
  -76.00  -12.75
  -75.75  -13.00
  -75.25  -13.00
  -75.00  -13.25
  -75.00  -13.75
  -74.75  -14.00
  -74.00  -14.00
  -73.25  -14.00
  -73.00  -14.25
  -73.00  -14.75
  -72.75  -15.00
  -72.00  -15.00
  -71.25  -15.00
  -71.00  -14.75
  -71.00  -14.25
  -70.75  -14.00
  -70.25  -14.00
  -70.00  -14.25
  -70.00  -14.75
  -69.75  -15.00
  -69.25  -15.00
  -69.00  -15.25
  -69.00  -15.75
  -68.75  -16.00
  -68.25  -16.00
  -68.00  -16.25
  -68.00  -16.75
  -67.75  -17.00
  -67.25  -17.00
  -67.00  -17.25
  -67.00  -18.00
  -67.00  -18.75
  -66.75  -19.00
  -66.00  -19.00
  -65.25  -19.00
  -65.00  -19.25
  -65.00  -19.75
  -64.75  -20.00
  -64.25  -20.00
  -64.00  -20.25
  -64.00  -20.75
  -63.75  -21.00
  -63.00  -21.00
  -62.25  -21.00
  -62.00  -20.75
  -62.00  -20.25
  -61.75  -20.00
  -61.25  -20.00
  -61.00  -19.75
  -61.00  -19.25
  -60.75  -19.00
  -60.25  -19.00
  -60.00  -18.75
  -60.00  -18.00
  -60.00  -17.25
  -59.75  -17.00
  -59.25  -17.00
  -59.00  -16.75
  -59.00  -16.00
  -59.00  -15.25
  -58.75  -15.00
  -58.00  -15.00
  -57.00  -15.00
  -56.25  -15.00
  -56.00  -14.75
  -56.00  -14.25
  -55.75  -14.00
  -55.25  -14.00
  -55.00  -14.25
  -55.00  -14.75
  -54.75  -15.00
  -54.00  -15.00
  -53.25  -15.00
  -53.00  -14.75
  -53.00  -14.25
  -52.75  -14.00
  -52.25  -14.00
  -52.00  -13.75
  -52.00  -13.25
  -51.75  -13.00
  -51.25  -13.00
  -51.00  -12.75
  -51.00  -12.00
  -51.00  -11.00
  -51.00  -10.00
  -51.00   -9.00
  -51.00   -8.00
  -51.00   -7.25
  -51.25   -7.00
  -51.75   -7.00
  -52.00   -6.75
  -52.00   -6.25
  -51.75   -6.00
  -51.25   -6.00
  -51.00   -5.75
  -51.00   -5.25
  -50.75   -5.00
  -50.25   -5.00
  -50.00   -4.75
  -50.00   -4.00
  -50.00   -3.00
  -50.00   -2.25
  -50.25   -2.00
  -50.75   -2.00
  -51.00   -1.75
  -51.00   -1.25
  -50.75   -1.00
  -50.25   -1.00
  -50.00    -.75
  -50.00     .00
  -50.00     .75
  -50.25    1.00
  -50.75    1.00
  -51.00     .75
  -51.00     .25
  -51.25     .00
  -51.75     .00
  -52.00     .25
  -52.00     .75
  -52.25    1.00
  -52.75    1.00
  -53.00    1.25
  -53.00    1.75
  -53.25    2.00
  -53.75    2.00
  -54.00    2.25
  -54.00    2.75
  -54.25    3.00
  -55.00    3.00
  -55.75    3.00
  -56.00    2.75
  -56.00    2.25
  -56.25    2.00
  -57.00    2.00
  -58.00    2.00
  -58.75    2.00
  -59.00    2.25
  -59.00    3.00
  -59.00    4.00
  -59.00    4.75
  -59.25    5.00
  -60.00    5.00
  -60.75    5.00
  -61.00    4.75
  -61.00    4.25
  -61.25    4.00
  -62.00    4.00
  -63.00    4.00
  -64.00    4.00
  -64.75    4.00
  -65.00    3.75
  -65.00    3.25
  -65.25    3.00
  -66.00    3.00
  -67.00    3.00
  -68.00    3.00
  -68.75    3.00
  -69.00    2.75
  -69.00    2.25
  -69.25    2.00
  -70.00    2.00
  -71.00    2.00
  -72.00    2.00
  -73.00    2.00
  -73.75    2.00
  -74.00    2.25
  -74.00    2.75
  -74.25    3.00
  -74.75    3.00
  -75.00    2.75
  -75.00    2.25
  -75.25    2.00
  -76.00    2.00
  -76.75    2.00
  -77.00    1.75
  -77.00    1.25
  -77.25    1.00
  -77.75    1.00
  -78.00     .75
  -78.00     .25
  -78.25     .00
  -78.75     .00
  -79.00    -.25
  -79.00   -1.00
  -79.00   -2.00
  -79.00   -3.00
  -79.00   -4.00
  -79.00   -4.75
  -79.25   -5.00
  -79.75   -5.00
  -80.00   -5.25
