   33.00   56.75
   33.00   56.25
   33.25   56.00
   33.75   56.00
   34.00   55.75
   34.00   55.00
   34.00   54.25
   34.25   54.00
   34.75   54.00
   35.00   53.75
   35.00   53.00
   35.00   52.25
   35.25   52.00
   36.00   52.00
   36.75   52.00
   37.00   52.25
   37.00   53.00
   37.00   53.75
   37.25   54.00
   38.00   54.00
   39.00   54.00
   40.00   54.00
   40.75   54.00
   41.00   53.75
   41.00   53.00
   41.00   52.25
   41.25   52.00
   41.75   52.00
   42.00   52.25
   42.00   52.75
   42.25   53.00
   43.00   53.00
   44.00   53.00
   44.75   53.00
   45.00   52.75
   45.00   52.25
   44.75   52.00
   44.25   52.00
   44.00   51.75
   44.00   51.25
   43.75   51.00
   43.25   51.00
   43.00   50.75
   43.00   50.25
   43.25   50.00
   43.75   50.00
   44.00   49.75
   44.00   49.00
   44.00   48.00
   44.00   47.25
   44.25   47.00
   45.00   47.00
   46.00   47.00
   47.00   47.00
   47.75   47.00
   48.00   46.75
   48.00   46.25
   48.25   46.00
   48.75   46.00
   49.00   46.25
   49.00   47.00
   49.00   48.00
   49.00   48.75
   48.75   49.00
   48.25   49.00
   48.00   48.75
   48.00   48.25
   47.75   48.00
   47.00   48.00
   46.25   48.00
   46.00   48.25
   46.00   49.00
   46.00   49.75
   46.25   50.00
   46.75   50.00
   47.00   50.25
   47.00   50.75
   47.25   51.00
   47.75   51.00
   48.00   51.25
   48.00   51.75
   48.25   52.00
   48.75   52.00
   49.00   52.25
   49.00   52.75
   49.25   53.00
   50.00   53.00
   50.75   53.00
   51.00   52.75
   51.00   52.25
   51.25   52.00
   52.00   52.00
   53.00   52.00
   54.00   52.00
   54.75   52.00
   55.00   52.25
   55.00   52.75
   55.25   53.00
   56.00   53.00
   57.00   53.00
   57.75   53.00
   58.00   53.25
   58.00   53.75
   58.25   54.00
   58.75   54.00
   59.00   54.25
   59.00   55.00
   59.00   55.75
   59.25   56.00
   59.75   56.00
   60.00   56.25
   60.00   56.75
   59.75   57.00
   59.25   57.00
   59.00   57.25
   59.00   58.00
   59.00   59.00
   59.00   60.00
   59.00   60.75
   59.25   61.00
   59.75   61.00
   60.00   61.25
   60.00   61.75
   59.75   62.00
   59.25   62.00
   59.00   61.75
   59.00   61.25
   58.75   61.00
   58.00   61.00
   57.00   61.00
   56.00   61.00
   55.00   61.00
   54.00   61.00
   53.25   61.00
   53.00   60.75
   53.00   60.25
   52.75   60.00
   52.00   60.00
   51.00   60.00
   50.25   60.00
   50.00   59.75
   50.00   59.25
   49.75   59.00
   49.00   59.00
   48.25   59.00
   48.00   59.25
   48.00   59.75
   47.75   60.00
   47.00   60.00
   46.00   60.00
   45.00   60.00
   44.00   60.00
   43.25   60.00
   43.00   59.75
   43.00   59.25
   42.75   59.00
   42.00   59.00
   41.00   59.00
   40.00   59.00
   39.25   59.00
   39.00   59.25
   39.00   59.75
   38.75   60.00
   38.25   60.00
   38.00   60.25
   38.00   60.75
   37.75   61.00
   37.25   61.00
   37.00   60.75
   37.00   60.25
   36.75   60.00
   36.00   60.00
   35.25   60.00
   35.00   59.75
   35.00   59.25
   34.75   59.00
   34.25   59.00
   34.00   58.75
   34.00   58.00
   34.00   57.25
   33.75   57.00
   33.25   57.00
   33.00   56.75
