   12.00   -5.25
   12.00   -5.75
   12.25   -6.00
   13.00   -6.00
   14.00   -6.00
   14.75   -6.00
   15.00   -6.25
   15.00   -7.00
   15.00   -7.75
   15.25   -8.00
   15.75   -8.00
   16.00   -8.25
   16.00   -9.00
   16.00   -9.75
   16.25  -10.00
   17.00  -10.00
   17.75  -10.00
   18.00  -10.25
   18.00  -10.75
   18.25  -11.00
   18.75  -11.00
   19.00  -11.25
   19.00  -11.75
   19.25  -12.00
   20.00  -12.00
   21.00  -12.00
   22.00  -12.00
   22.75  -12.00
   23.00  -11.75
   23.00  -11.25
   23.25  -11.00
   24.00  -11.00
   24.75  -11.00
   25.00  -11.25
   25.00  -11.75
   25.25  -12.00
   26.00  -12.00
   27.00  -12.00
   27.75  -12.00
   28.00  -12.25
   28.00  -12.75
   28.25  -13.00
   29.00  -13.00
   29.75  -13.00
   30.00  -12.75
   30.00  -12.25
   30.25  -12.00
   30.75  -12.00
   31.00  -11.75
   31.00  -11.25
   31.25  -11.00
   31.75  -11.00
   32.00  -10.75
   32.00  -10.00
   32.00   -9.00
   32.00   -8.25
   31.75   -8.00
   31.25   -8.00
   31.00   -7.75
   31.00   -7.00
   31.00   -6.25
   31.25   -6.00
   31.75   -6.00
   32.00   -6.25
   32.00   -6.75
   32.25   -7.00
   33.00   -7.00
   33.75   -7.00
   34.00   -6.75
   34.00   -6.25
   33.75   -6.00
   33.25   -6.00
   33.00   -5.75
   33.00   -5.25
   33.25   -5.00
   33.75   -5.00
   34.00   -4.75
   34.00   -4.25
   34.25   -4.00
   34.75   -4.00
   35.00   -3.75
   35.00   -3.25
   34.75   -3.00
   34.00   -3.00
   33.00   -3.00
   32.00   -3.00
   31.00   -3.00
   30.00   -3.00
   29.25   -3.00
   29.00   -2.75
   29.00   -2.00
   29.00   -1.00
   29.00     .00
   29.00     .75
   29.25    1.00
   29.75    1.00
   30.00    1.25
   30.00    1.75
   30.25    2.00
   30.75    2.00
   31.00    2.25
   31.00    3.00
   31.00    3.75
   30.75    4.00
   30.00    4.00
   29.00    4.00
   28.25    4.00
   28.00    4.25
   28.00    4.75
   27.75    5.00
   27.25    5.00
   27.00    5.25
   27.00    5.75
   26.75    6.00
   26.25    6.00
   26.00    6.25
   26.00    6.75
   25.75    7.00
   25.25    7.00
   25.00    7.25
   25.00    7.75
   24.75    8.00
   24.25    8.00
   24.00    8.25
   24.00    9.00
   24.00    9.75
   23.75   10.00
   23.25   10.00
   23.00    9.75
   23.00    9.25
   22.75    9.00
   22.25    9.00
   22.00    8.75
   22.00    8.25
   21.75    8.00
   21.25    8.00
   21.00    7.75
   21.00    7.25
   20.75    7.00
   20.25    7.00
   20.00    6.75
   20.00    6.25
   19.75    6.00
   19.00    6.00
   18.00    6.00
   17.00    6.00
   16.00    6.00
   15.00    6.00
   14.25    6.00
   14.00    5.75
   14.00    5.25
   13.75    5.00
   13.25    5.00
   13.00    4.75
   13.00    4.00
   13.00    3.00
   13.00    2.25
   13.25    2.00
   14.00    2.00
   14.75    2.00
   15.00    1.75
   15.00    1.25
   14.75    1.00
   14.25    1.00
   14.00     .75
   14.00     .00
   14.00   -1.00
   14.00   -2.00
   14.00   -2.75
   14.25   -3.00
   14.75   -3.00
   15.00   -3.25
   15.00   -3.75
   14.75   -4.00
   14.25   -4.00
   14.00   -4.25
   14.00   -4.75
   13.75   -5.00
   13.00   -5.00
   12.25   -5.00
   12.00   -5.25
