  131.00  -24.25
  131.00  -25.00
  131.00  -26.00
  131.00  -26.75
  131.25  -27.00
  131.75  -27.00
  132.00  -27.25
  132.00  -27.75
  132.25  -28.00
  132.75  -28.00
  133.00  -28.25
  133.00  -28.75
  133.25  -29.00
  133.75  -29.00
  134.00  -29.25
  134.00  -29.75
  134.25  -30.00
  134.75  -30.00
  135.00  -30.25
  135.00  -30.75
  135.25  -31.00
  136.00  -31.00
  137.00  -31.00
  138.00  -31.00
  139.00  -31.00
  139.75  -31.00
  140.00  -30.75
  140.00  -30.25
  140.25  -30.00
  140.75  -30.00
  141.00  -29.75
  141.00  -29.25
  141.25  -29.00
  141.75  -29.00
  142.00  -29.25
  142.00  -29.75
  142.25  -30.00
  143.00  -30.00
  143.75  -30.00
  144.00  -29.75
  144.00  -29.00
  144.00  -28.25
  144.25  -28.00
  144.75  -28.00
  145.00  -27.75
  145.00  -27.25
  145.25  -27.00
  145.75  -27.00
  146.00  -26.75
  146.00  -26.00
  146.00  -25.00
  146.00  -24.00
  146.00  -23.25
  145.75  -23.00
  145.25  -23.00
  145.00  -22.75
  145.00  -22.00
  145.00  -21.25
  144.75  -21.00
  144.25  -21.00
  144.00  -21.25
  144.00  -22.00
  144.00  -22.75
  143.75  -23.00
  143.25  -23.00
  143.00  -22.75
  143.00  -22.25
  142.75  -22.00
  142.00  -22.00
  141.00  -22.00
  140.00  -22.00
  139.25  -22.00
  139.00  -21.75
  139.00  -21.25
  138.75  -21.00
  138.25  -21.00
  138.00  -20.75
  138.00  -20.25
  137.75  -20.00
  137.25  -20.00
  137.00  -19.75
  137.00  -19.25
  136.75  -19.00
  136.25  -19.00
  136.00  -19.25
  136.00  -19.75
  136.25  -20.00
  136.75  -20.00
  137.00  -20.25
  137.00  -20.75
  136.75  -21.00
  136.25  -21.00
  136.00  -21.25
  136.00  -21.75
  135.75  -22.00
  135.25  -22.00
  135.00  -22.25
  135.00  -22.75
  134.75  -23.00
  134.00  -23.00
  133.00  -23.00
  132.25  -23.00
  132.00  -23.25
  132.00  -23.75
  131.75  -24.00
  131.25  -24.00
  131.00  -24.25
