   37.00   39.75
   37.00   39.00
   37.00   38.00
   37.00   37.00
   37.00   36.00
   37.00   35.25
   37.25   35.00
   38.00   35.00
   39.00   35.00
   39.75   35.00
   40.00   34.75
   40.00   34.00
   40.00   33.25
   40.25   33.00
   41.00   33.00
   42.00   33.00
   42.75   33.00
   43.00   32.75
   43.00   32.25
   43.25   32.00
   43.75   32.00
   44.00   31.75
   44.00   31.00
   44.00   30.25
   44.25   30.00
   45.00   30.00
   46.00   30.00
   47.00   30.00
   48.00   30.00
   48.75   30.00
   49.00   30.25
   49.00   30.75
   49.25   31.00
   50.00   31.00
   51.00   31.00
   51.75   31.00
   52.00   31.25
   52.00   31.75
   51.75   32.00
   51.00   32.00
   50.25   32.00
   50.00   32.25
   50.00   33.00
   50.00   33.75
   49.75   34.00
   49.25   34.00
   49.00   34.25
   49.00   34.75
   48.75   35.00
   48.00   35.00
   47.00   35.00
   46.25   35.00
   46.00   35.25
   46.00   36.00
   46.00   36.75
   45.75   37.00
   45.25   37.00
   45.00   37.25
   45.00   37.75
   44.75   38.00
   44.00   38.00
   43.00   38.00
   42.25   38.00
   42.00   38.25
   42.00   38.75
   42.25   39.00
   42.75   39.00
   43.00   39.25
   43.00   39.75
   42.75   40.00
   42.25   40.00
   42.00   39.75
   42.00   39.25
   41.75   39.00
   41.25   39.00
   41.00   39.25
   41.00   39.75
   40.75   40.00
   40.00   40.00
   39.00   40.00
   38.00   40.00
   37.25   40.00
   37.00   39.75
