   74.00   25.75
   74.00   25.25
   74.25   25.00
   74.75   25.00
   75.00   24.75
   75.00   24.00
   75.00   23.25
   75.25   23.00
   76.00   23.00
   77.00   23.00
   77.75   23.00
   78.00   23.25
   78.00   23.75
   78.25   24.00
   79.00   24.00
   79.75   24.00
   80.00   23.75
   80.00   23.25
   80.25   23.00
   81.00   23.00
   82.00   23.00
   82.75   23.00
   83.00   22.75
   83.00   22.25
   83.25   22.00
   83.75   22.00
   84.00   22.25
   84.00   22.75
   84.25   23.00
   84.75   23.00
   85.00   23.25
   85.00   23.75
   85.25   24.00
   85.75   24.00
   86.00   23.75
   86.00   23.25
   86.25   23.00
   86.75   23.00
   87.00   22.75
   87.00   22.25
   87.25   22.00
   88.00   22.00
   88.75   22.00
   89.00   22.25
   89.00   23.00
   89.00   24.00
   89.00   25.00
   89.00   25.75
   88.75   26.00
   88.25   26.00
   88.00   26.25
   88.00   27.00
   88.00   27.75
   88.25   28.00
   88.75   28.00
   89.00   28.25
   89.00   28.75
   88.75   29.00
   88.00   29.00
   87.00   29.00
   86.00   29.00
   85.00   29.00
   84.25   29.00
   84.00   29.25
   84.00   29.75
   83.75   30.00
   83.00   30.00
   82.00   30.00
   81.25   30.00
   81.00   30.25
   81.00   30.75
   80.75   31.00
   80.00   31.00
   79.00   31.00
   78.00   31.00
   77.25   31.00
   77.00   30.75
   77.00   30.00
   77.00   29.25
   76.75   29.00
   76.25   29.00
   76.00   28.75
   76.00   28.25
   75.75   28.00
   75.25   28.00
   75.00   27.75
   75.00   27.00
   75.00   26.25
   74.75   26.00
   74.25   26.00
   74.00   25.75
