   67.00   27.75
   67.00   27.00
   67.00   26.00
   67.00   25.00
   67.00   24.25
   67.25   24.00
   67.75   24.00
   68.00   24.25
   68.00   24.75
   68.25   25.00
   68.75   25.00
   69.00   25.25
   69.00   25.75
   69.25   26.00
   69.75   26.00
   70.00   26.25
   70.00   26.75
   70.25   27.00
   70.75   27.00
   71.00   26.75
   71.00   26.25
   71.25   26.00
   71.75   26.00
   72.00   26.25
   72.00   26.75
   71.75   27.00
   71.25   27.00
   71.00   27.25
   71.00   27.75
   71.25   28.00
   72.00   28.00
   73.00   28.00
   74.00   28.00
   75.00   28.00
   75.75   28.00
   76.00   28.25
   76.00   28.75
   76.25   29.00
   76.75   29.00
   77.00   29.25
   77.00   30.00
   77.00   30.75
   77.25   31.00
   78.00   31.00
   79.00   31.00
   80.00   31.00
   81.00   31.00
   81.75   31.00
   82.00   31.25
   82.00   31.75
   81.75   32.00
   81.25   32.00
   81.00   32.25
   81.00   32.75
   80.75   33.00
   80.00   33.00
   79.25   33.00
   79.00   33.25
   79.00   34.00
   79.00   34.75
   78.75   35.00
   78.00   35.00
   77.25   35.00
   77.00   35.25
   77.00   35.75
   76.75   36.00
   76.00   36.00
   75.25   36.00
   75.00   36.25
   75.00   36.75
   74.75   37.00
   74.00   37.00
   73.00   37.00
   72.25   37.00
   72.00   36.75
   72.00   36.25
   71.75   36.00
   71.00   36.00
   70.25   36.00
   70.00   35.75
   70.00   35.25
   69.75   35.00
   69.25   35.00
   69.00   34.75
   69.00   34.00
   69.00   33.25
   68.75   33.00
   68.25   33.00
   68.00   32.75
   68.00   32.00
   68.00   31.25
   68.25   31.00
   68.75   31.00
   69.00   30.75
   69.00   30.00
   69.00   29.25
   68.75   29.00
   68.25   29.00
   68.00   28.75
   68.00   28.25
   67.75   28.00
   67.25   28.00
   67.00   27.75
