 -135.00   68.75
 -135.00   68.25
 -134.75   68.00
 -134.25   68.00
 -134.00   67.75
 -134.00   67.25
 -133.75   67.00
 -133.25   67.00
 -133.00   66.75
 -133.00   66.00
 -133.00   65.25
 -132.75   65.00
 -132.25   65.00
 -132.00   64.75
 -132.00   64.25
 -131.75   64.00
 -131.00   64.00
 -130.25   64.00
 -130.00   63.75
 -130.00   63.00
 -130.00   62.25
 -130.25   62.00
 -130.75   62.00
 -131.00   61.75
 -131.00   61.00
 -131.00   60.00
 -131.00   59.25
 -130.75   59.00
 -130.25   59.00
 -130.00   58.75
 -130.00   58.25
 -129.75   58.00
 -129.00   58.00
 -128.00   58.00
 -127.25   58.00
 -127.00   57.75
 -127.00   57.00
 -127.00   56.25
 -126.75   56.00
 -126.00   56.00
 -125.25   56.00
 -125.00   55.75
 -125.00   55.25
 -124.75   55.00
 -124.00   55.00
 -123.00   55.00
 -122.25   55.00
 -122.00   54.75
 -122.00   54.25
 -121.75   54.00
 -121.00   54.00
 -120.00   54.00
 -119.25   54.00
 -119.00   53.75
 -119.00   53.25
 -118.75   53.00
 -118.25   53.00
 -118.00   52.75
 -118.00   52.25
 -117.75   52.00
 -117.25   52.00
 -117.00   52.25
 -117.00   52.75
 -116.75   53.00
 -116.00   53.00
 -115.25   53.00
 -115.00   53.25
 -115.00   53.75
 -114.75   54.00
 -114.00   54.00
 -113.25   54.00
 -113.00   54.25
 -113.00   54.75
 -112.75   55.00
 -112.00   55.00
 -111.25   55.00
 -111.00   55.25
 -111.00   55.75
 -110.75   56.00
 -110.00   56.00
 -109.25   56.00
 -109.00   56.25
 -109.00   56.75
 -108.75   57.00
 -108.00   57.00
 -107.00   57.00
 -106.00   57.00
 -105.00   57.00
 -104.00   57.00
 -103.00   57.00
 -102.25   57.00
 -102.00   57.25
 -102.00   57.75
 -101.75   58.00
 -101.25   58.00
 -101.00   58.25
 -101.00   58.75
 -101.25   59.00
 -102.00   59.00
 -103.00   59.00
 -103.75   59.00
 -104.00   59.25
 -104.00   59.75
 -104.25   60.00
 -105.00   60.00
 -105.75   60.00
 -106.00   60.25
 -106.00   61.00
 -106.00   61.75
 -106.25   62.00
 -107.00   62.00
 -107.75   62.00
 -108.00   62.25
 -108.00   62.75
 -107.75   63.00
 -107.25   63.00
 -107.00   63.25
 -107.00   63.75
 -107.25   64.00
 -108.00   64.00
 -109.00   64.00
 -110.00   64.00
 -111.00   64.00
 -111.75   64.00
 -112.00   64.25
 -112.00   64.75
 -112.25   65.00
 -113.00   65.00
 -114.00   65.00
 -114.75   65.00
 -115.00   65.25
 -115.00   65.75
 -115.25   66.00
 -116.00   66.00
 -116.75   66.00
 -117.00   66.25
 -117.00   66.75
 -117.25   67.00
 -117.75   67.00
 -118.00   67.25
 -118.00   67.75
 -118.25   68.00
 -119.00   68.00
 -120.00   68.00
 -120.75   68.00
 -121.00   67.75
 -121.00   67.25
 -121.25   67.00
 -122.00   67.00
 -123.00   67.00
 -124.00   67.00
 -125.00   67.00
 -125.75   67.00
 -126.00   67.25
 -126.00   67.75
 -126.25   68.00
 -127.00   68.00
 -128.00   68.00
 -129.00   68.00
 -130.00   68.00
 -131.00   68.00
 -132.00   68.00
 -132.75   68.00
 -133.00   68.25
 -133.00   68.75
 -133.25   69.00
 -134.00   69.00
 -134.75   69.00
 -135.00   68.75
