 -114.00   48.75
 -114.00   48.25
 -113.75   48.00
 -113.25   48.00
 -113.00   47.75
 -113.00   47.25
 -112.75   47.00
 -112.25   47.00
 -112.00   46.75
 -112.00   46.25
 -112.25   46.00
 -113.00   46.00
 -113.75   46.00
 -114.00   45.75
 -114.00   45.25
 -113.75   45.00
 -113.00   45.00
 -112.00   45.00
 -111.25   45.00
 -111.00   44.75
 -111.00   44.25
 -110.75   44.00
 -110.25   44.00
 -110.00   43.75
 -110.00   43.00
 -110.00   42.25
 -109.75   42.00
 -109.25   42.00
 -109.00   41.75
 -109.00   41.25
 -108.75   41.00
 -108.00   41.00
 -107.25   41.00
 -107.00   40.75
 -107.00   40.00
 -107.00   39.25
 -106.75   39.00
 -106.25   39.00
 -106.00   38.75
 -106.00   38.25
 -105.75   38.00
 -105.25   38.00
 -105.00   37.75
 -105.00   37.00
 -105.00   36.00
 -105.00   35.25
 -104.75   35.00
 -104.00   35.00
 -103.00   35.00
 -102.25   35.00
 -102.00   34.75
 -102.00   34.25
 -101.75   34.00
 -101.00   34.00
 -100.00   34.00
  -99.25   34.00
  -99.00   33.75
  -99.00   33.25
  -98.75   33.00
  -98.00   33.00
  -97.00   33.00
  -96.00   33.00
  -95.00   33.00
  -94.25   33.00
  -94.00   32.75
  -94.00   32.25
  -93.75   32.00
  -93.25   32.00
  -93.00   31.75
  -93.00   31.25
  -92.75   31.00
  -92.25   31.00
  -92.00   30.75
  -92.00   30.25
  -91.75   30.00
  -91.25   30.00
  -91.00   29.75
  -91.00   29.25
  -90.75   29.00
  -90.25   29.00
  -90.00   29.25
  -90.00   30.00
  -90.00   31.00
  -90.00   32.00
  -90.00   32.75
  -89.75   33.00
  -89.25   33.00
  -89.00   33.25
  -89.00   34.00
  -89.00   34.75
  -88.75   35.00
  -88.25   35.00
  -88.00   34.75
  -88.00   34.25
  -87.75   34.00
  -87.00   34.00
  -86.25   34.00
  -86.00   34.25
  -86.00   34.75
  -85.75   35.00
  -85.00   35.00
  -84.00   35.00
  -83.25   35.00
  -83.00   35.25
  -83.00   35.75
  -82.75   36.00
  -82.00   36.00
  -81.25   36.00
  -81.00   36.25
  -81.00   36.75
  -80.75   37.00
  -80.25   37.00
  -80.00   37.25
  -80.00   38.00
  -80.00   39.00
  -80.00   39.75
  -79.75   40.00
  -79.25   40.00
  -79.00   40.25
  -79.00   40.75
  -78.75   41.00
  -78.25   41.00
  -78.00   41.25
  -78.00   41.75
  -78.25   42.00
  -79.00   42.00
  -79.75   42.00
  -80.00   41.75
  -80.00   41.25
  -80.25   41.00
  -81.00   41.00
  -82.00   41.00
  -83.00   41.00
  -84.00   41.00
  -85.00   41.00
  -85.75   41.00
  -86.00   41.25
  -86.00   41.75
  -86.25   42.00
  -87.00   42.00
  -87.75   42.00
  -88.00   42.25
  -88.00   42.75
  -88.25   43.00
  -88.75   43.00
  -89.00   43.25
  -89.00   44.00
  -89.00   45.00
  -89.00   45.75
  -89.25   46.00
  -90.00   46.00
  -91.00   46.00
  -92.00   46.00
  -92.75   46.00
  -93.00   46.25
  -93.00   47.00
  -93.00   47.75
  -93.25   48.00
  -94.00   48.00
  -94.75   48.00
  -95.00   47.75
  -95.00   47.00
  -95.00   46.25
  -95.25   46.00
  -96.00   46.00
  -96.75   46.00
  -97.00   45.75
  -97.00   45.25
  -97.25   45.00
  -97.75   45.00
  -98.00   45.25
  -98.00   46.00
  -98.00   46.75
  -98.25   47.00
  -98.75   47.00
  -99.00   47.25
  -99.00   47.75
  -99.25   48.00
 -100.00   48.00
 -101.00   48.00
 -102.00   48.00
 -102.75   48.00
 -103.00   48.25
 -103.00   48.75
 -103.25   49.00
 -104.00   49.00
 -105.00   49.00
 -106.00   49.00
 -106.75   49.00
 -107.00   49.25
 -107.00   49.75
 -107.25   50.00
 -108.00   50.00
 -109.00   50.00
 -109.75   50.00
 -110.00   49.75
 -110.00   49.25
 -110.25   49.00
 -111.00   49.00
 -112.00   49.00
 -113.00   49.00
 -113.75   49.00
 -114.00   48.75
