  139.00  -32.25
  139.00  -33.00
  139.00  -34.00
  139.00  -35.00
  139.00  -35.75
  139.25  -36.00
  140.00  -36.00
  141.00  -36.00
  141.75  -36.00
  142.00  -36.25
  142.00  -37.00
  142.00  -37.75
  142.25  -38.00
  143.00  -38.00
  144.00  -38.00
  145.00  -38.00
  145.75  -38.00
  146.00  -37.75
  146.00  -37.25
  146.25  -37.00
  147.00  -37.00
  148.00  -37.00
  148.75  -37.00
  149.00  -36.75
  149.00  -36.25
  149.25  -36.00
  149.75  -36.00
  150.00  -35.75
  150.00  -35.00
  150.00  -34.00
  150.00  -33.00
  150.00  -32.00
  150.00  -31.25
  150.25  -31.00
  151.00  -31.00
  151.75  -31.00
  152.00  -30.75
  152.00  -30.00
  152.00  -29.25
  151.75  -29.00
  151.25  -29.00
  151.00  -28.75
  151.00  -28.25
  151.25  -28.00
  151.75  -28.00
  152.00  -27.75
  152.00  -27.25
  151.75  -27.00
  151.25  -27.00
  151.00  -26.75
  151.00  -26.25
  150.75  -26.00
  150.00  -26.00
  149.00  -26.00
  148.25  -26.00
  148.00  -25.75
  148.00  -25.25
  147.75  -25.00
  147.00  -25.00
  146.25  -25.00
  146.00  -25.25
  146.00  -26.00
  146.00  -26.75
  145.75  -27.00
  145.25  -27.00
  145.00  -27.25
  145.00  -27.75
  144.75  -28.00
  144.25  -28.00
  144.00  -28.25
  144.00  -29.00
  144.00  -29.75
  143.75  -30.00
  143.00  -30.00
  142.25  -30.00
  142.00  -30.25
  142.00  -31.00
  142.00  -31.75
  141.75  -32.00
  141.00  -32.00
  140.00  -32.00
  139.25  -32.00
  139.00  -32.25
