    1.00   19.75
    1.00   19.25
     .75   19.00
     .25   19.00
     .00   18.75
     .00   18.25
    -.25   18.00
   -1.00   18.00
   -2.00   18.00
   -2.75   18.00
   -3.00   17.75
   -3.00   17.25
   -3.25   17.00
   -3.75   17.00
   -4.00   16.75
   -4.00   16.25
   -4.25   16.00
   -4.75   16.00
   -5.00   15.75
   -5.00   15.25
   -5.25   15.00
   -5.75   15.00
   -6.00   14.75
   -6.00   14.25
   -6.25   14.00
   -6.75   14.00
   -7.00   13.75
   -7.00   13.25
   -7.25   13.00
   -7.75   13.00
   -8.00   12.75
   -8.00   12.25
   -8.25   12.00
   -9.00   12.00
  -10.00   12.00
  -10.75   12.00
  -11.00   11.75
  -11.00   11.00
  -11.00   10.00
  -11.00    9.25
  -10.75    9.00
  -10.00    9.00
   -9.00    9.00
   -8.00    9.00
   -7.25    9.00
   -7.00    9.25
   -7.00    9.75
   -6.75   10.00
   -6.25   10.00
   -6.00   10.25
   -6.00   10.75
   -5.75   11.00
   -5.25   11.00
   -5.00   11.25
   -5.00   11.75
   -4.75   12.00
   -4.25   12.00
   -4.00   12.25
   -4.00   13.00
   -4.00   13.75
   -3.75   14.00
   -3.00   14.00
   -2.00   14.00
   -1.25   14.00
   -1.00   13.75
   -1.00   13.00
   -1.00   12.25
    -.75   12.00
     .00   12.00
    1.00   12.00
    1.75   12.00
    2.00   11.75
    2.00   11.00
    2.00   10.25
    2.25   10.00
    2.75   10.00
    3.00    9.75
    3.00    9.25
    3.25    9.00
    3.75    9.00
    4.00    8.75
    4.00    8.25
    4.25    8.00
    5.00    8.00
    5.75    8.00
    6.00    7.75
    6.00    7.00
    6.00    6.00
    6.00    5.25
    6.25    5.00
    6.75    5.00
    7.00    5.25
    7.00    5.75
    7.25    6.00
    7.75    6.00
    8.00    6.25
    8.00    6.75
    8.25    7.00
    8.75    7.00
    9.00    6.75
    9.00    6.25
    9.25    6.00
   10.00    6.00
   10.75    6.00
   11.00    6.25
   11.00    6.75
   11.25    7.00
   12.00    7.00
   13.00    7.00
   13.75    7.00
   14.00    7.25
   14.00    7.75
   14.25    8.00
   14.75    8.00
   15.00    8.25
   15.00    8.75
   15.25    9.00
   15.75    9.00
   16.00    9.25
   16.00    9.75
   15.75   10.00
   15.00   10.00
   14.00   10.00
   13.00   10.00
   12.25   10.00
   12.00   10.25
   12.00   10.75
   11.75   11.00
   11.00   11.00
   10.25   11.00
   10.00   10.75
   10.00   10.25
    9.75   10.00
    9.00   10.00
    8.25   10.00
    8.00   10.25
    8.00   10.75
    7.75   11.00
    7.25   11.00
    7.00   11.25
    7.00   11.75
    7.25   12.00
    7.75   12.00
    8.00   12.25
    8.00   12.75
    8.25   13.00
    8.75   13.00
    9.00   13.25
    9.00   14.00
    9.00   15.00
    9.00   16.00
    9.00   17.00
    9.00   18.00
    9.00   19.00
    9.00   20.00
    9.00   21.00
    9.00   22.00
    9.00   22.75
    8.75   23.00
    8.25   23.00
    8.00   23.25
    8.00   23.75
    7.75   24.00
    7.00   24.00
    6.25   24.00
    6.00   23.75
    6.00   23.25
    5.75   23.00
    5.25   23.00
    5.00   22.75
    5.00   22.00
    5.00   21.25
    4.75   21.00
    4.25   21.00
    4.00   20.75
    4.00   20.25
    3.75   20.00
    3.00   20.00
    2.00   20.00
    1.25   20.00
    1.00   19.75
