   59.00   63.75
   59.00   63.25
   59.25   63.00
   59.75   63.00
   60.00   62.75
   60.00   62.00
   60.00   61.25
   59.75   61.00
   59.25   61.00
   59.00   60.75
   59.00   60.00
   59.00   59.00
   59.00   58.00
   59.00   57.25
   59.25   57.00
   59.75   57.00
   60.00   56.75
   60.00   56.25
   59.75   56.00
   59.25   56.00
   59.00   55.75
   59.00   55.25
   59.25   55.00
   59.75   55.00
   60.00   54.75
   60.00   54.00
   60.00   53.00
   60.00   52.00
   60.00   51.00
   60.00   50.25
   60.25   50.00
   60.75   50.00
   61.00   50.25
   61.00   50.75
   61.25   51.00
   61.75   51.00
   62.00   51.25
   62.00   51.75
   62.25   52.00
   63.00   52.00
   64.00   52.00
   65.00   52.00
   65.75   52.00
   66.00   51.75
   66.00   51.25
   66.25   51.00
   66.75   51.00
   67.00   50.75
   67.00   50.00
   67.00   49.25
   67.25   49.00
   67.75   49.00
   68.00   49.25
   68.00   50.00
   68.00   50.75
   68.25   51.00
   69.00   51.00
   70.00   51.00
   71.00   51.00
   71.75   51.00
   72.00   50.75
   72.00   50.25
   72.25   50.00
   73.00   50.00
   74.00   50.00
   74.75   50.00
   75.00   49.75
   75.00   49.25
   75.25   49.00
   76.00   49.00
   77.00   49.00
   78.00   49.00
   78.75   49.00
   79.00   49.25
   79.00   49.75
   79.25   50.00
   79.75   50.00
   80.00   49.75
   80.00   49.25
   80.25   49.00
   80.75   49.00
   81.00   48.75
   81.00   48.25
   81.25   48.00
   81.75   48.00
   82.00   47.75
   82.00   47.25
   82.25   47.00
   83.00   47.00
   84.00   47.00
   85.00   47.00
   86.00   47.00
   86.75   47.00
   87.00   46.75
   87.00   46.25
   87.25   46.00
   88.00   46.00
   89.00   46.00
   90.00   46.00
   91.00   46.00
   91.75   46.00
   92.00   46.25
   92.00   46.75
   91.75   47.00
   91.25   47.00
   91.00   47.25
   91.00   47.75
   90.75   48.00
   90.00   48.00
   89.00   48.00
   88.25   48.00
   88.00   48.25
   88.00   48.75
   88.25   49.00
   88.75   49.00
   89.00   49.25
   89.00   49.75
   89.25   50.00
   89.75   50.00
   90.00   50.25
   90.00   50.75
   89.75   51.00
   89.00   51.00
   88.25   51.00
   88.00   51.25
   88.00   51.75
   88.25   52.00
   88.75   52.00
   89.00   52.25
   89.00   52.75
   89.25   53.00
   89.75   53.00
   90.00   53.25
   90.00   53.75
   90.25   54.00
   90.75   54.00
   91.00   54.25
   91.00   54.75
   91.25   55.00
   91.75   55.00
   92.00   55.25
   92.00   56.00
   92.00   57.00
   92.00   57.75
   91.75   58.00
   91.25   58.00
   91.00   58.25
   91.00   58.75
   90.75   59.00
   90.25   59.00
   90.00   59.25
   90.00   59.75
   89.75   60.00
   89.00   60.00
   88.00   60.00
   87.00   60.00
   86.25   60.00
   86.00   60.25
   86.00   61.00
   86.00   61.75
   85.75   62.00
   85.25   62.00
   85.00   62.25
   85.00   62.75
   84.75   63.00
   84.00   63.00
   83.00   63.00
   82.00   63.00
   81.00   63.00
   80.00   63.00
   79.25   63.00
   79.00   62.75
   79.00   62.25
   78.75   62.00
   78.00   62.00
   77.00   62.00
   76.00   62.00
   75.00   62.00
   74.00   62.00
   73.25   62.00
   73.00   62.25
   73.00   62.75
   72.75   63.00
   72.00   63.00
   71.00   63.00
   70.00   63.00
   69.25   63.00
   69.00   63.25
   69.00   63.75
   68.75   64.00
   68.25   64.00
   68.00   64.25
   68.00   64.75
   68.25   65.00
   69.00   65.00
   70.00   65.00
   71.00   65.00
   71.75   65.00
   72.00   65.25
   72.00   65.75
   71.75   66.00
   71.25   66.00
   71.00   66.25
   71.00   66.75
   70.75   67.00
   70.00   67.00
   69.25   67.00
   69.00   67.25
   69.00   67.75
   68.75   68.00
   68.00   68.00
   67.00   68.00
   66.25   68.00
   66.00   67.75
   66.00   67.25
   65.75   67.00
   65.00   67.00
   64.00   67.00
   63.25   67.00
   63.00   66.75
   63.00   66.25
   62.75   66.00
   62.25   66.00
   62.00   65.75
   62.00   65.25
   61.75   65.00
   61.00   65.00
   60.25   65.00
   60.00   64.75
   60.00   64.25
   59.75   64.00
   59.25   64.00
   59.00   63.75
