   89.00   34.75
   89.00   34.25
   89.25   34.00
   90.00   34.00
   90.75   34.00
   91.00   33.75
   91.00   33.25
   91.25   33.00
   92.00   33.00
   93.00   33.00
   93.75   33.00
   94.00   32.75
   94.00   32.25
   94.25   32.00
   94.75   32.00
   95.00   32.25
   95.00   32.75
   94.75   33.00
   94.25   33.00
   94.00   33.25
   94.00   33.75
   94.25   34.00
   95.00   34.00
   95.75   34.00
   96.00   33.75
   96.00   33.25
   96.25   33.00
   96.75   33.00
   97.00   32.75
   97.00   32.25
   97.25   32.00
   97.75   32.00
   98.00   31.75
   98.00   31.00
   98.00   30.25
   98.25   30.00
   98.75   30.00
   99.00   29.75
   99.00   29.00
   99.00   28.25
   99.25   28.00
   99.75   28.00
  100.00   27.75
  100.00   27.00
  100.00   26.25
  100.25   26.00
  100.75   26.00
  101.00   25.75
  101.00   25.25
  101.25   25.00
  101.75   25.00
  102.00   24.75
  102.00   24.25
  102.25   24.00
  102.75   24.00
  103.00   24.25
  103.00   24.75
  103.25   25.00
  103.75   25.00
  104.00   25.25
  104.00   26.00
  104.00   26.75
  104.25   27.00
  104.75   27.00
  105.00   26.75
  105.00   26.25
  105.25   26.00
  105.75   26.00
  106.00   26.25
  106.00   26.75
  106.25   27.00
  106.75   27.00
  107.00   26.75
  107.00   26.25
  107.25   26.00
  108.00   26.00
  109.00   26.00
  109.75   26.00
  110.00   25.75
  110.00   25.25
  110.25   25.00
  111.00   25.00
  112.00   25.00
  113.00   25.00
  113.75   25.00
  114.00   24.75
  114.00   24.25
  114.25   24.00
  114.75   24.00
  115.00   24.25
  115.00   24.75
  115.25   25.00
  115.75   25.00
  116.00   25.25
  116.00   25.75
  116.25   26.00
  116.75   26.00
  117.00   26.25
  117.00   27.00
  117.00   27.75
  117.25   28.00
  118.00   28.00
  118.75   28.00
  119.00   28.25
  119.00   28.75
  118.75   29.00
  118.25   29.00
  118.00   29.25
  118.00   29.75
  118.25   30.00
  119.00   30.00
  119.75   30.00
  120.00   30.25
  120.00   30.75
  120.25   31.00
  120.75   31.00
  121.00   31.25
  121.00   31.75
  120.75   32.00
  120.25   32.00
  120.00   32.25
  120.00   32.75
  119.75   33.00
  119.25   33.00
  119.00   32.75
  119.00   32.25
  118.75   32.00
  118.00   32.00
  117.25   32.00
  117.00   31.75
  117.00   31.25
  116.75   31.00
  116.00   31.00
  115.25   31.00
  115.00   31.25
  115.00   31.75
  114.75   32.00
  114.00   32.00
  113.25   32.00
  113.00   32.25
  113.00   33.00
  113.00   33.75
  112.75   34.00
  112.00   34.00
  111.00   34.00
  110.00   34.00
  109.00   34.00
  108.00   34.00
  107.00   34.00
  106.00   34.00
  105.25   34.00
  105.00   34.25
  105.00   34.75
  104.75   35.00
  104.25   35.00
  104.00   34.75
  104.00   34.25
  103.75   34.00
  103.25   34.00
  103.00   33.75
  103.00   33.00
  103.00   32.25
  102.75   32.00
  102.25   32.00
  102.00   32.25
  102.00   32.75
  101.75   33.00
  101.00   33.00
  100.00   33.00
   99.25   33.00
   99.00   33.25
   99.00   33.75
   98.75   34.00
   98.00   34.00
   97.00   34.00
   96.25   34.00
   96.00   34.25
   96.00   34.75
   95.75   35.00
   95.25   35.00
   95.00   35.25
   95.00   35.75
   94.75   36.00
   94.00   36.00
   93.00   36.00
   92.00   36.00
   91.00   36.00
   90.25   36.00
   90.00   35.75
   90.00   35.25
   89.75   35.00
   89.25   35.00
   89.00   34.75
