   96.00   34.75
   96.00   34.25
   96.25   34.00
   97.00   34.00
   98.00   34.00
   98.75   34.00
   99.00   33.75
   99.00   33.25
   99.25   33.00
  100.00   33.00
  101.00   33.00
  101.75   33.00
  102.00   32.75
  102.00   32.25
  102.25   32.00
  102.75   32.00
  103.00   32.25
  103.00   33.00
  103.00   33.75
  103.25   34.00
  103.75   34.00
  104.00   34.25
  104.00   34.75
  104.25   35.00
  104.75   35.00
  105.00   34.75
  105.00   34.25
  105.25   34.00
  106.00   34.00
  107.00   34.00
  108.00   34.00
  109.00   34.00
  110.00   34.00
  111.00   34.00
  112.00   34.00
  113.00   34.00
  114.00   34.00
  114.75   34.00
  115.00   34.25
  115.00   34.75
  115.25   35.00
  115.75   35.00
  116.00   35.25
  116.00   35.75
  116.25   36.00
  116.75   36.00
  117.00   36.25
  117.00   36.75
  117.25   37.00
  118.00   37.00
  118.75   37.00
  119.00   37.25
  119.00   37.75
  118.75   38.00
  118.00   38.00
  117.25   38.00
  117.00   37.75
  117.00   37.25
  116.75   37.00
  116.25   37.00
  116.00   36.75
  116.00   36.25
  115.75   36.00
  115.25   36.00
  115.00   35.75
  115.00   35.25
  114.75   35.00
  114.00   35.00
  113.00   35.00
  112.25   35.00
  112.00   35.25
  112.00   36.00
  112.00   36.75
  112.25   37.00
  112.75   37.00
  113.00   37.25
  113.00   37.75
  112.75   38.00
  112.25   38.00
  112.00   38.25
  112.00   38.75
  112.25   39.00
  112.75   39.00
  113.00   39.25
  113.00   39.75
  112.75   40.00
  112.25   40.00
  112.00   40.25
  112.00   40.75
  111.75   41.00
  111.00   41.00
  110.00   41.00
  109.00   41.00
  108.00   41.00
  107.25   41.00
  107.00   40.75
  107.00   40.25
  106.75   40.00
  106.25   40.00
  106.00   39.75
  106.00   39.00
  106.00   38.25
  105.75   38.00
  105.00   38.00
  104.25   38.00
  104.00   37.75
  104.00   37.25
  103.75   37.00
  103.25   37.00
  103.00   37.25
  103.00   37.75
  102.75   38.00
  102.00   38.00
  101.00   38.00
  100.25   38.00
  100.00   37.75
  100.00   37.25
  100.25   37.00
  100.75   37.00
  101.00   36.75
  101.00   36.25
  100.75   36.00
  100.25   36.00
  100.00   35.75
  100.00   35.00
  100.00   34.25
   99.75   34.00
   99.25   34.00
   99.00   34.25
   99.00   34.75
   98.75   35.00
   98.00   35.00
   97.00   35.00
   96.25   35.00
   96.00   34.75
