  110.00   48.75
  110.00   48.25
  110.25   48.00
  111.00   48.00
  111.75   48.00
  112.00   48.25
  112.00   48.75
  112.25   49.00
  113.00   49.00
  113.75   49.00
  114.00   49.25
  114.00   49.75
  114.25   50.00
  115.00   50.00
  116.00   50.00
  117.00   50.00
  117.75   50.00
  118.00   49.75
  118.00   49.25
  118.25   49.00
  119.00   49.00
  119.75   49.00
  120.00   48.75
  120.00   48.25
  120.25   48.00
  120.75   48.00
  121.00   47.75
  121.00   47.25
  120.75   47.00
  120.25   47.00
  120.00   46.75
  120.00   46.25
  120.25   46.00
  120.75   46.00
  121.00   45.75
  121.00   45.25
  121.25   45.00
  122.00   45.00
  123.00   45.00
  124.00   45.00
  124.75   45.00
  125.00   44.75
  125.00   44.00
  125.00   43.00
  125.00   42.25
  125.25   42.00
  126.00   42.00
  127.00   42.00
  128.00   42.00
  128.75   42.00
  129.00   42.25
  129.00   43.00
  129.00   43.75
  129.25   44.00
  130.00   44.00
  131.00   44.00
  132.00   44.00
  133.00   44.00
  134.00   44.00
  135.00   44.00
  135.75   44.00
  136.00   44.25
  136.00   45.00
  136.00   45.75
  136.25   46.00
  137.00   46.00
  137.75   46.00
  138.00   46.25
  138.00   46.75
  137.75   47.00
  137.25   47.00
  137.00   47.25
  137.00   47.75
  137.25   48.00
  137.75   48.00
  138.00   48.25
  138.00   48.75
  138.25   49.00
  138.75   49.00
  139.00   49.25
  139.00   50.00
  139.00   50.75
  139.25   51.00
  140.00   51.00
  140.75   51.00
  141.00   51.25
  141.00   52.00
  141.00   53.00
  141.00   53.75
  140.75   54.00
  140.00   54.00
  139.25   54.00
  139.00   53.75
  139.00   53.25
  138.75   53.00
  138.00   53.00
  137.00   53.00
  136.00   53.00
  135.00   53.00
  134.00   53.00
  133.00   53.00
  132.25   53.00
  132.00   53.25
  132.00   54.00
  132.00   55.00
  132.00   55.75
  131.75   56.00
  131.00   56.00
  130.00   56.00
  129.00   56.00
  128.00   56.00
  127.00   56.00
  126.00   56.00
  125.00   56.00
  124.25   56.00
  124.00   55.75
  124.00   55.25
  123.75   55.00
  123.25   55.00
  123.00   54.75
  123.00   54.25
  122.75   54.00
  122.25   54.00
  122.00   54.25
  122.00   54.75
  121.75   55.00
  121.25   55.00
  121.00   54.75
  121.00   54.25
  120.75   54.00
  120.00   54.00
  119.00   54.00
  118.25   54.00
  118.00   54.25
  118.00   54.75
  117.75   55.00
  117.25   55.00
  117.00   54.75
  117.00   54.25
  116.75   54.00
  116.25   54.00
  116.00   53.75
  116.00   53.25
  115.75   53.00
  115.00   53.00
  114.00   53.00
  113.25   53.00
  113.00   52.75
  113.00   52.25
  112.75   52.00
  112.25   52.00
  112.00   51.75
  112.00   51.25
  111.75   51.00
  111.25   51.00
  111.00   50.75
  111.00   50.00
  111.00   49.25
  110.75   49.00
  110.25   49.00
  110.00   48.75
