 180.000  -90.000 
-180.000  -90.000 
-180.000  -83.830 
-178.000  -84.330 
-174.000  -84.500 
-170.000  -84.670 
-166.000  -84.920 
-163.000  -85.420 
-158.000  -85.420 
-152.000  -85.580 
-146.000  -85.330 
-147.000  -84.830 
-151.000  -84.500 
-153.500  -84.000 
-153.000  -83.500 
-154.000  -83.000 
-154.000  -82.500 
-154.000  -82.000 
-154.500  -81.500 
-153.000  -81.170 
-150.000  -81.000 
-146.500  -80.920 
-145.500  -80.670 
-148.000  -80.330 
-150.000  -80.000 
-152.500  -79.670 
-155.000  -79.250 
-157.000  -78.830 
-157.255  -78.748 
-157.507  -78.665 
-157.755  -78.583 
-158.000  -78.500 
-157.666  -78.481 
-157.333  -78.461 
-157.001  -78.441 
-156.670  -78.420 
-154.500  -78.500 
-154.500  -78.170 
-154.500  -78.170 
-156.670  -78.080 
-158.000  -77.830 
-158.330  -77.500 
-158.670  -77.170 
-157.000  -77.000 
-154.000  -77.170 
-153.000  -77.580 
-150.500  -77.830 
-148.000  -77.670 
-146.000  -77.250 
-146.000  -76.750 
-146.330  -76.330 
-146.670  -75.920 
-144.000  -75.830 
-142.000  -75.580 
-140.670  -75.750 
-140.000  -75.420 
-138.330  -75.250 
-136.670  -75.000 
-135.500  -74.750 
-133.000  -74.750 
-132.000  -75.000 
-130.830  -75.420 
-129.670  -75.750 
-128.000  -76.000 
-127.000  -76.000 
-126.830  -75.670 
-126.330  -75.170 
-125.500  -74.670 
-124.500  -74.330 
-124.500  -74.330 
-123.330  -73.830 
-123.670  -73.250 
-122.330  -73.250 
-121.330  -73.750 
-120.000  -74.000 
-120.000  -73.580 
-119.584  -73.604 
-119.167  -73.627 
-118.749  -73.649 
-118.330  -73.670 
-117.915  -73.671 
-117.500  -73.672 
-117.085  -73.671 
-116.670  -73.670 
-116.586  -73.710 
-116.501  -73.750 
-116.416  -73.790 
-116.330  -73.830 
-116.660  -73.916 
-116.993  -74.001 
-117.330  -74.086 
-117.670  -74.170 
-117.670  -74.295 
-117.670  -74.420 
-117.670  -74.545 
-117.670  -74.670 
-117.343  -74.796 
-117.011  -74.921 
-116.673  -75.046 
-116.330  -75.170 
-115.668  -75.193 
-115.004  -75.214 
-114.338  -75.233 
-113.670  -75.250 
-112.330  -75.000 
-112.500  -74.500 
-112.543  -74.375 
-112.586  -74.250 
-112.628  -74.125 
-112.670  -74.000 
-112.500  -73.918 
-112.332  -73.835 
-112.165  -73.753 
-112.000  -73.670 
-111.500  -74.000 
-111.000  -74.500 
-110.330  -75.000 
-108.670  -75.170 
-108.500  -74.670 
-109.500  -74.500 
-109.500  -74.000 
-108.330  -74.000 
-108.000  -74.330 
-108.500  -74.670 
-107.500  -75.080 
-106.000  -75.080 
-104.500  -74.920 
-104.500  -74.920 
-104.500  -74.580 
-102.670  -74.580 
-101.330  -74.750 
-100.000  -75.000 
 -99.500  -74.750 
-101.330  -74.330 
-100.670  -74.000 
-101.500  -73.750 
-101.500  -73.500 
-100.000  -73.580 
 -99.000  -73.420 
-100.000  -73.080 
-101.330  -73.250 
-102.500  -72.750 
-101.330  -72.670 
-101.500  -73.000 
 -99.670  -72.920 
 -98.500  -73.330 
 -98.000  -73.080 
 -97.500  -73.420 
 -97.500  -73.750 
 -96.330  -73.750 
 -96.000  -73.420 
 -96.000  -73.080 
 -97.500  -72.920 
 -98.500  -72.500 
 -99.670  -72.170 
-100.006  -72.108 
-100.339  -72.046 
-100.671  -71.983 
-101.000  -71.920 
-100.706  -71.878 
-100.412  -71.836 
-100.121  -71.793 
 -99.830  -71.750 
 -98.330  -72.000 
 -98.330  -72.000 
 -97.000  -71.830 
 -95.670  -72.080 
 -95.670  -72.420 
 -94.000  -72.580 
 -92.250  -72.750 
 -90.500  -72.920 
 -88.750  -72.920 
 -87.000  -72.920 
 -85.500  -73.080 
 -84.330  -72.920 
 -83.000  -72.830 
 -81.250  -72.920 
 -79.500  -73.000 
 -78.500  -73.250 
 -78.670  -72.830 
 -78.000  -72.420 
 -76.500  -72.580 
 -75.000  -72.830 
 -74.000  -73.000 
 -74.500  -73.500 
 -73.000  -73.420 
 -71.500  -73.330 
 -70.000  -73.170 
 -68.500  -73.080 
 -67.500  -72.830 
 -67.000  -72.330 
 -67.000  -71.830 
 -67.500  -71.500 
 -67.500  -70.920 
 -68.000  -70.420 
 -68.000  -70.420 
 -68.500  -70.000 
 -68.500  -69.420 
 -67.330  -69.420 
 -66.670  -69.080 
 -67.330  -68.830 
 -66.830  -68.500 
 -66.830  -68.080 
 -67.500  -67.750 
 -67.500  -67.420 
 -68.500  -67.750 
 -69.250  -67.750 
 -69.330  -67.330 
 -68.670  -66.920 
 -67.830  -66.670 
 -67.670  -67.080 
 -67.000  -67.000 
 -66.330  -67.330 
 -66.330  -66.830 
 -65.500  -66.580 
 -65.830  -66.250 
 -65.000  -65.920 
 -64.000  -65.500 
 -64.000  -65.080 
 -63.000  -65.170 
 -62.670  -64.750 
 -61.670  -64.670 
 -61.500  -64.250 
 -61.000  -64.000 
 -59.670  -63.830 
 -58.830  -63.580 
 -58.830  -63.580 
 -58.000  -63.330 
 -57.170  -63.250 
 -56.670  -63.580 
 -57.330  -63.580 
 -57.539  -63.643 
 -57.748  -63.706 
 -57.959  -63.768 
 -58.170  -63.830 
 -57.940  -63.831 
 -57.710  -63.831 
 -57.480  -63.831 
 -57.250  -63.830 
 -57.330  -64.420 
 -58.170  -64.330 
 -58.670  -64.000 
 -59.000  -64.500 
 -59.670  -64.330 
 -60.500  -64.670 
 -61.330  -65.000 
 -62.000  -65.420 
 -62.170  -65.750 
 -62.330  -66.080 
 -62.670  -66.500 
 -63.500  -66.250 
 -64.000  -66.500 
 -63.670  -66.920 
 -64.670  -66.920 
 -65.330  -67.330 
 -65.500  -67.830 
 -65.334  -67.893 
 -65.167  -67.955 
 -64.999  -68.018 
 -64.830  -68.080 
 -64.954  -68.143 
 -65.079  -68.205 
 -65.204  -68.268 
 -65.330  -68.330 
 -65.207  -68.435 
 -65.082  -68.540 
 -64.957  -68.645 
 -64.830  -68.750 
 -63.670  -68.750 
 -62.670  -69.080 
 -62.330  -69.670 
 -62.000  -70.170 
 -62.000  -70.170 
 -61.500  -70.580 
 -61.670  -70.920 
 -61.000  -71.170 
 -60.830  -71.580 
 -61.670  -72.000 
 -60.830  -72.330 
 -61.000  -72.670 
 -60.712  -72.753 
 -60.420  -72.836 
 -60.127  -72.918 
 -59.830  -73.000 
 -59.914  -73.083 
 -59.998  -73.165 
 -60.084  -73.248 
 -60.170  -73.330 
 -61.500  -73.420 
 -61.000  -73.750 
 -60.670  -74.330 
 -61.670  -74.670 
 -61.670  -75.080 
 -63.000  -75.170 
 -63.000  -75.670 
 -63.670  -76.080 
 -65.500  -76.500 
 -67.330  -77.000 
 -65.000  -77.170 
 -62.500  -77.080 
 -60.000  -77.080 
 -57.670  -77.250 
 -56.000  -77.580 
 -53.670  -77.920 
 -51.670  -78.250 
 -49.330  -78.500 
 -47.670  -78.750 
 -44.000  -78.830 
 -41.000  -78.830 
 -41.000  -78.830 
 -38.500  -78.750 
 -36.330  -78.330 
 -35.000  -77.830 
 -33.330  -77.500 
 -31.670  -77.170 
 -30.000  -76.830 
 -28.330  -76.500 
 -27.000  -76.080 
 -26.000  -75.670 
 -24.000  -75.330 
 -23.670  -74.750 
 -22.330  -74.420 
 -20.670  -74.080 
 -19.330  -73.750 
 -17.670  -73.420 
 -16.330  -73.080 
 -14.670  -72.920 
 -13.500  -72.830 
 -12.330  -72.580 
 -11.330  -72.250 
 -11.170  -71.920 
 -12.000  -71.670 
 -12.170  -71.330 
 -11.500  -71.250 
 -11.000  -71.580 
 -10.500  -71.250 
  -9.750  -71.000 
  -9.000  -71.170 
  -8.670  -71.420 
  -8.500  -71.830 
  -8.500  -71.830 
  -8.206  -71.791 
  -7.913  -71.751 
  -7.621  -71.711 
  -7.330  -71.670 
  -7.416  -71.608 
  -7.501  -71.545 
  -7.586  -71.483 
  -7.670  -71.420 
  -7.584  -71.335 
  -7.499  -71.250 
  -7.414  -71.165 
  -7.330  -71.080 
  -7.416  -71.018 
  -7.501  -70.955 
  -7.586  -70.893 
  -7.670  -70.830 
  -7.459  -70.810 
  -7.249  -70.790 
  -7.039  -70.770 
  -6.830  -70.750 
  -5.830  -70.750 
  -5.830  -71.000 
  -6.000  -71.330 
  -4.500  -71.330 
  -3.000  -71.250 
  -3.000  -70.670 
  -3.330  -70.420 
  -2.500  -70.250 
  -1.670  -70.420 
  -1.000  -70.670 
  -1.500  -71.000 
  -0.670  -71.250 
   0.000  -71.500 
   1.330  -71.250 
   2.670  -70.920 
   3.500  -70.580 
   4.670  -70.330 
   6.330  -70.330 
   7.330  -70.080 
   8.670  -70.080 
  10.000  -70.170 
  11.330  -70.080 
  12.670  -70.080 
  14.330  -70.170 
  15.670  -70.170 
  15.670  -70.170 
  17.000  -70.170 
  18.330  -70.170 
  20.000  -70.330 
  21.500  -70.420 
  23.000  -70.580 
  24.670  -70.420 
  25.330  -70.170 
  27.000  -70.170 
  28.330  -69.920 
  30.000  -69.830 
  31.330  -69.580 
  32.000  -69.500 
  33.500  -69.500 
  33.330  -69.000 
  33.500  -68.670 
  34.330  -68.580 
  35.000  -68.920 
  36.000  -69.330 
  37.000  -69.500 
  38.330  -69.580 
  38.670  -70.080 
  39.330  -69.670 
  39.830  -69.500 
  39.830  -69.170 
  40.000  -68.830 
  41.330  -68.500 
  42.000  -68.170 
  43.330  -67.830 
  44.500  -67.750 
  46.000  -67.750 
  46.000  -67.750 
  47.000  -67.580 
  48.170  -67.670 
  48.500  -67.420 
  49.330  -67.420 
  49.830  -67.830 
  50.500  -67.580 
  50.170  -67.000 
  50.500  -66.500 
  51.500  -66.250 
  52.170  -65.920 
  53.670  -65.830 
  55.170  -65.920 
  56.000  -66.250 
  57.170  -66.420 
  57.170  -66.670 
  56.330  -66.750 
  57.000  -66.920 
  58.000  -67.000 
  59.000  -67.170 
  59.330  -67.500 
  60.670  -67.330 
  61.670  -67.580 
  62.670  -67.670 
  63.670  -67.500 
  65.000  -67.580 
  66.330  -67.750 
  67.670  -67.830 
  68.670  -67.830 
  69.500  -67.670 
  69.500  -68.170 
  69.500  -68.170 
  70.000  -68.580 
  70.500  -69.000 
  69.500  -69.170 
  69.830  -69.580 
  69.830  -70.080 
  70.670  -70.500 
  71.670  -70.420 
  71.000  -70.080 
  72.330  -69.750 
  73.500  -69.580 
  74.500  -69.670 
  75.500  -69.830 
  76.170  -69.500 
  77.170  -69.170 
  78.000  -69.080 
  78.330  -68.500 
  79.000  -68.250 
  80.500  -68.000 
  81.670  -67.830 
  82.500  -67.330 
  83.670  -67.170 
  85.000  -67.000 
  86.330  -66.830 
  87.670  -66.670 
  88.500  -66.750 
  89.670  -66.750 
  91.000  -66.670 
  92.000  -66.500 
  93.000  -66.580 
  94.000  -66.580 
  94.000  -66.580 
  95.000  -66.500 
  96.000  -66.670 
  97.000  -66.500 
  97.670  -66.670 
  98.500  -66.500 
  99.330  -66.580 
 100.000  -66.420 
 100.670  -66.420 
 101.500  -66.080 
 102.670  -65.830 
 104.000  -65.920 
 105.000  -66.080 
 106.000  -66.250 
 107.000  -66.500 
 108.000  -66.580 
 109.000  -66.830 
 109.500  -66.580 
 110.330  -66.670 
 110.670  -66.420 
 110.670  -66.080 
 111.670  -65.920 
 112.670  -65.830 
 113.670  -65.750 
 114.500  -66.000 
 115.500  -66.330 
 116.500  -66.500 
 117.670  -66.750 
 119.000  -66.830 
 120.330  -66.830 
 121.500  -66.670 
 121.500  -66.670 
 122.500  -66.420 
 123.330  -66.750 
 124.330  -66.750 
 124.830  -66.500 
 125.830  -66.580 
 126.500  -66.250 
 127.000  -66.250 
 127.670  -66.500 
 128.330  -66.920 
 129.000  -67.000 
 129.500  -67.170 
 130.000  -66.920 
 130.000  -66.330 
 130.830  -66.080 
 132.000  -66.170 
 133.330  -66.080 
 134.330  -66.170 
 135.330  -66.080 
 136.330  -66.330 
 137.330  -66.330 
 138.330  -66.500 
 139.330  -66.580 
 140.500  -66.670 
 142.000  -66.750 
 142.500  -67.000 
 143.330  -66.830 
 144.330  -67.000 
 144.330  -67.500 
 145.000  -67.580 
 146.000  -67.500 
 146.000  -67.500 
 146.830  -67.830 
 147.000  -68.250 
 148.330  -68.420 
 149.000  -68.250 
 150.330  -68.500 
 151.000  -68.330 
 151.500  -68.670 
 152.670  -68.580 
 154.330  -68.580 
 155.000  -69.080 
 156.000  -69.330 
 156.500  -69.000 
 157.500  -69.080 
 158.670  -69.250 
 160.000  -69.500 
 161.000  -69.670 
 161.000  -70.080 
 161.170  -70.500 
 161.670  -70.830 
 162.170  -70.580 
 162.330  -70.170 
 163.330  -70.080 
 163.170  -70.580 
 164.670  -70.580 
 166.000  -70.500 
 167.330  -70.830 
 168.670  -71.170 
 170.000  -71.500 
 170.170  -71.170 
 171.000  -71.750 
 171.000  -71.750 
 170.170  -72.000 
 170.500  -72.500 
 169.670  -72.830 
 168.500  -73.170 
 167.000  -73.250 
 167.000  -73.670 
 166.670  -74.080 
 165.330  -74.170 
 165.330  -74.500 
 164.330  -74.830 
 163.000  -75.170 
 162.670  -75.670 
 162.670  -76.080 
 163.000  -76.500 
 163.330  -76.920 
 163.670  -77.330 
 163.670  -77.750 
 164.670  -78.000 
 164.994  -78.106 
 165.323  -78.211 
 165.659  -78.316 
 166.000  -78.420 
 165.503  -78.441 
 165.003  -78.462 
 164.503  -78.481 
 164.000  -78.500 
 161.500  -78.750 
 160.000  -79.170 
 160.000  -79.670 
 160.000  -80.000 
 160.330  -80.500 
 160.330  -81.000 
 161.000  -81.500 
 162.330  -81.920 
 164.000  -82.420 
 166.000  -82.830 
 166.000  -82.830 
 168.500  -83.250 
 171.500  -83.500 
 176.000  -83.500 
 180.000  -83.830 
 180.000  -90.000 
