   59.00   43.75
   59.00   43.00
   59.00   42.25
   59.25   42.00
   59.75   42.00
   60.00   41.75
   60.00   41.25
   60.25   41.00
   60.75   41.00
   61.00   40.75
   61.00   40.25
   61.25   40.00
   61.75   40.00
   62.00   39.75
   62.00   39.25
   62.25   39.00
   62.75   39.00
   63.00   38.75
   63.00   38.25
   63.25   38.00
   64.00   38.00
   64.75   38.00
   65.00   37.75
   65.00   37.25
   65.25   37.00
   66.00   37.00
   66.75   37.00
   67.00   36.75
   67.00   36.25
   67.25   36.00
   67.75   36.00
   68.00   35.75
   68.00   35.25
   68.25   35.00
   69.00   35.00
   69.75   35.00
   70.00   35.25
   70.00   35.75
   70.25   36.00
   71.00   36.00
   71.75   36.00
   72.00   36.25
   72.00   36.75
   72.25   37.00
   73.00   37.00
   74.00   37.00
   74.75   37.00
   75.00   37.25
   75.00   38.00
   75.00   39.00
   75.00   39.75
   74.75   40.00
   74.00   40.00
   73.00   40.00
   72.00   40.00
   71.00   40.00
   70.00   40.00
   69.00   40.00
   68.00   40.00
   67.00   40.00
   66.25   40.00
   66.00   40.25
   66.00   40.75
   65.75   41.00
   65.00   41.00
   64.25   41.00
   64.00   40.75
   64.00   40.25
   63.75   40.00
   63.25   40.00
   63.00   40.25
   63.00   40.75
   62.75   41.00
   62.25   41.00
   62.00   41.25
   62.00   41.75
   61.75   42.00
   61.25   42.00
   61.00   42.25
   61.00   42.75
   60.75   43.00
   60.25   43.00
   60.00   43.25
   60.00   43.75
   59.75   44.00
   59.25   44.00
   59.00   43.75
