   81.00   30.75
   81.00   30.25
   81.25   30.00
   82.00   30.00
   83.00   30.00
   83.75   30.00
   84.00   29.75
   84.00   29.25
   84.25   29.00
   85.00   29.00
   86.00   29.00
   87.00   29.00
   88.00   29.00
   88.75   29.00
   89.00   28.75
   89.00   28.25
   88.75   28.00
   88.25   28.00
   88.00   27.75
   88.00   27.00
   88.00   26.25
   88.25   26.00
   88.75   26.00
   89.00   25.75
   89.00   25.00
   89.00   24.25
   89.25   24.00
   89.75   24.00
   90.00   23.75
   90.00   23.00
   90.00   22.25
   90.25   22.00
   90.75   22.00
   91.00   22.25
   91.00   22.75
   91.25   23.00
   91.75   23.00
   92.00   23.25
   92.00   23.75
   92.25   24.00
   93.00   24.00
   93.75   24.00
   94.00   24.25
   94.00   25.00
   94.00   25.75
   94.25   26.00
   94.75   26.00
   95.00   26.25
   95.00   26.75
   95.25   27.00
   96.00   27.00
   96.75   27.00
   97.00   27.25
   97.00   28.00
   97.00   29.00
   97.00   29.75
   96.75   30.00
   96.25   30.00
   96.00   30.25
   96.00   30.75
   95.75   31.00
   95.00   31.00
   94.00   31.00
   93.00   31.00
   92.00   31.00
   91.25   31.00
   91.00   30.75
   91.00   30.25
   90.75   30.00
   90.00   30.00
   89.25   30.00
   89.00   30.25
   89.00   30.75
   88.75   31.00
   88.00   31.00
   87.25   31.00
   87.00   30.75
   87.00   30.25
   86.75   30.00
   86.00   30.00
   85.00   30.00
   84.25   30.00
   84.00   30.25
   84.00   30.75
   83.75   31.00
   83.00   31.00
   82.00   31.00
   81.25   31.00
   81.00   30.75
