 -115.00   38.75
 -115.00   38.00
 -115.00   37.00
 -115.00   36.00
 -115.00   35.00
 -115.00   34.00
 -115.00   33.00
 -115.00   32.00
 -115.00   31.25
 -114.75   31.00
 -114.25   31.00
 -114.00   31.25
 -114.00   31.75
 -113.75   32.00
 -113.25   32.00
 -113.00   32.25
 -113.00   32.75
 -112.75   33.00
 -112.25   33.00
 -112.00   32.75
 -112.00   32.25
 -111.75   32.00
 -111.25   32.00
 -111.00   31.75
 -111.00   31.25
 -110.75   31.00
 -110.25   31.00
 -110.00   31.25
 -110.00   31.75
 -109.75   32.00
 -109.25   32.00
 -109.00   32.25
 -109.00   32.75
 -108.75   33.00
 -108.25   33.00
 -108.00   33.25
 -108.00   33.75
 -108.25   34.00
 -108.75   34.00
 -109.00   34.25
 -109.00   34.75
 -108.75   35.00
 -108.25   35.00
 -108.00   35.25
 -108.00   35.75
 -107.75   36.00
 -107.25   36.00
 -107.00   36.25
 -107.00   37.00
 -107.00   37.75
 -106.75   38.00
 -106.25   38.00
 -106.00   38.25
 -106.00   38.75
 -106.25   39.00
 -106.75   39.00
 -107.00   39.25
 -107.00   40.00
 -107.00   40.75
 -107.25   41.00
 -108.00   41.00
 -108.75   41.00
 -109.00   41.25
 -109.00   41.75
 -109.25   42.00
 -109.75   42.00
 -110.00   42.25
 -110.00   42.75
 -110.25   43.00
 -110.75   43.00
 -111.00   42.75
 -111.00   42.00
 -111.00   41.00
 -111.00   40.00
 -111.00   39.25
 -111.25   39.00
 -111.75   39.00
 -112.00   39.25
 -112.00   39.75
 -112.25   40.00
 -112.75   40.00
 -113.00   39.75
 -113.00   39.25
 -113.25   39.00
 -114.00   39.00
 -114.75   39.00
 -115.00   38.75
