    9.00   48.75
    9.00   48.25
    9.25   48.00
    9.75   48.00
   10.00   47.75
   10.00   47.25
   10.25   47.00
   11.00   47.00
   11.75   47.00
   12.00   46.75
   12.00   46.25
   12.25   46.00
   13.00   46.00
   13.75   46.00
   14.00   45.75
   14.00   45.25
   14.25   45.00
   14.75   45.00
   15.00   44.75
   15.00   44.25
   15.25   44.00
   16.00   44.00
   17.00   44.00
   17.75   44.00
   18.00   43.75
   18.00   43.25
   18.25   43.00
   19.00   43.00
   20.00   43.00
   20.75   43.00
   21.00   42.75
   21.00   42.25
   21.25   42.00
   22.00   42.00
   23.00   42.00
   23.75   42.00
   24.00   42.25
   24.00   42.75
   24.25   43.00
   25.00   43.00
   26.00   43.00
   27.00   43.00
   27.75   43.00
   28.00   43.25
   28.00   44.00
   28.00   44.75
   28.25   45.00
   29.00   45.00
   29.75   45.00
   30.00   45.25
   30.00   45.75
   29.75   46.00
   29.25   46.00
   29.00   46.25
   29.00   46.75
   28.75   47.00
   28.25   47.00
   28.00   47.25
   28.00   47.75
   27.75   48.00
   27.00   48.00
   26.00   48.00
   25.00   48.00
   24.25   48.00
   24.00   48.25
   24.00   48.75
   23.75   49.00
   23.00   49.00
   22.00   49.00
   21.00   49.00
   20.00   49.00
   19.25   49.00
   19.00   49.25
   19.00   49.75
   18.75   50.00
   18.00   50.00
   17.25   50.00
   17.00   49.75
   17.00   49.25
   16.75   49.00
   16.00   49.00
   15.00   49.00
   14.00   49.00
   13.00   49.00
   12.00   49.00
   11.00   49.00
   10.00   49.00
    9.25   49.00
    9.00   48.75
