   24.00   51.75
   24.00   51.25
   24.25   51.00
   24.75   51.00
   25.00   50.75
   25.00   50.25
   25.25   50.00
   26.00   50.00
   27.00   50.00
   28.00   50.00
   28.75   50.00
   29.00   49.75
   29.00   49.25
   29.25   49.00
   30.00   49.00
   30.75   49.00
   31.00   48.75
   31.00   48.25
   31.25   48.00
   31.75   48.00
   32.00   47.75
   32.00   47.00
   32.00   46.25
   32.25   46.00
   33.00   46.00
   33.75   46.00
   34.00   46.25
   34.00   46.75
   34.25   47.00
   35.00   47.00
   36.00   47.00
   36.75   47.00
   37.00   47.25
   37.00   48.00
   37.00   48.75
   36.75   49.00
   36.25   49.00
   36.00   49.25
   36.00   50.00
   36.00   50.75
   36.25   51.00
   36.75   51.00
   37.00   51.25
   37.00   51.75
   36.75   52.00
   36.00   52.00
   35.25   52.00
   35.00   52.25
   35.00   53.00
   35.00   53.75
   34.75   54.00
   34.25   54.00
   34.00   54.25
   34.00   55.00
   34.00   55.75
   33.75   56.00
   33.25   56.00
   33.00   55.75
   33.00   55.25
   32.75   55.00
   32.00   55.00
   31.00   55.00
   30.25   55.00
   30.00   54.75
   30.00   54.25
   29.75   54.00
   29.25   54.00
   29.00   54.25
   29.00   54.75
   28.75   55.00
   28.25   55.00
   28.00   54.75
   28.00   54.00
   28.00   53.25
   27.75   53.00
   27.00   53.00
   26.25   53.00
   26.00   52.75
   26.00   52.25
   25.75   52.00
   25.00   52.00
   24.25   52.00
   24.00   51.75
