 -70.330   78.750 
 -68.670   79.020 
 -65.670   79.200 
 -64.500   79.750 
 -65.000   80.080 
 -65.000   80.080 
 -65.667   80.082 
 -66.335   80.083 
 -67.003   80.082 
 -67.670   80.080 
 -67.448   80.193 
 -67.221   80.305 
 -66.988   80.418 
 -66.750   80.530 
 -65.000   80.920 
 -63.750   81.180 
 -61.830   81.130 
 -61.250   81.420 
 -62.000   81.750 
 -59.330   82.080 
 -54.500   82.330 
 -51.250   82.000 
 -50.500   82.470 
 -47.330   82.420 
 -46.500   82.830 
 -44.000   83.200 
 -39.500   83.420 
 -36.000   83.650 
 -31.500   83.580 
 -27.330   83.550 
 -24.830   83.250 
 -24.000   82.980 
 -21.670   82.850 
 -21.240   82.781 
 -20.819   82.711 
 -20.406   82.641 
 -20.000   82.570 
 -20.556   82.509 
 -21.103   82.446 
 -21.641   82.383 
 -22.170   82.320 
 -25.580   82.220 
 -26.245   82.229 
 -26.912   82.237 
 -27.581   82.244 
 -28.250   82.250 
 -28.652   82.206 
 -29.049   82.161 
 -29.442   82.116 
 -29.830   82.070 
 -28.705   82.075 
 -27.580   82.076 
 -26.455   82.075 
 -25.330   82.070 
 -25.330   81.973 
 -25.330   81.875 
 -25.330   81.778 
 -25.330   81.680 
 -23.670   81.750 
 -23.670   82.030 
 -23.670   82.030 
 -21.670   82.080 
 -21.330   81.800 
 -22.000   81.630 
 -23.670   81.370 
 -24.830   80.920 
 -22.500   81.080 
 -20.750   81.320 
 -19.500   81.580 
 -18.170   81.480 
 -16.420   81.800 
 -13.250   81.680 
 -12.842   81.591 
 -12.443   81.501 
 -12.053   81.411 
 -11.670   81.320 
 -12.367   81.179 
 -13.042   81.037 
 -13.696   80.894 
 -14.330   80.750 
 -15.830   80.420 
 -17.170   79.970 
 -18.080   79.530 
 -18.500   79.130 
 -19.500   78.830 
 -19.170   78.420 
 -19.670   77.920 
 -18.830   77.580 
 -18.170   77.080 
 -18.420   76.750 
 -20.330   76.920 
 -21.420   76.670 
 -21.500   76.300 
 -20.000   76.200 
 -19.420   75.700 
 -19.420   75.200 
 -20.080   74.670 
 -20.080   74.670 
 -18.830   74.670 
 -19.250   74.250 
 -21.500   74.000 
 -20.330   73.830 
 -20.330   73.470 
 -21.580   73.420 
 -22.170   73.250 
 -22.379   73.200 
 -22.587   73.150 
 -22.794   73.100 
 -23.000   73.050 
 -22.749   73.018 
 -22.498   72.986 
 -22.249   72.953 
 -22.000   72.920 
 -21.750   72.420 
 -22.000   72.080 
 -23.330   72.300 
 -24.580   72.500 
 -23.670   72.170 
 -22.580   71.830 
 -21.750   71.420 
 -21.750   71.000 
 -21.830   70.500 
 -23.080   70.420 
 -24.000   70.580 
 -24.250   71.000 
 -24.500   71.330 
 -25.500   71.170 
 -25.250   70.670 
 -26.330   70.420 
 -26.330   70.170 
 -25.080   70.420 
 -23.750   70.170 
 -23.436   70.148 
 -23.124   70.126 
 -22.811   70.103 
 -22.500   70.080 
 -22.669   69.998 
 -22.838   69.915 
 -23.004   69.833 
 -23.170   69.750 
 -23.170   69.750 
 -24.250   69.420 
 -25.250   69.080 
 -26.250   68.830 
 -27.500   68.580 
 -28.750   68.420 
 -30.000   68.170 
 -31.330   68.170 
 -32.170   67.920 
 -33.000   67.500 
 -33.420   67.080 
 -33.920   66.670 
 -34.750   66.330 
 -35.670   66.000 
 -37.000   65.670 
 -38.500   65.670 
 -39.670   65.500 
 -40.000   65.080 
 -41.000   65.170 
 -40.420   64.500 
 -40.500   64.000 
 -40.750   63.500 
 -41.500   63.000 
 -42.420   62.670 
 -42.000   62.000 
 -42.500   61.500 
 -42.750   61.000 
 -42.830   60.500 
 -43.250   60.000 
 -43.920   59.830 
 -45.170   60.170 
 -45.170   60.170 
 -45.750   60.580 
 -46.670   60.750 
 -48.000   60.830 
 -49.000   61.420 
 -49.500   61.920 
 -50.080   62.500 
 -50.330   62.830 
 -51.250   63.580 
 -51.330   64.000 
 -52.000   64.330 
 -52.000   64.920 
 -52.420   65.500 
 -53.500   66.000 
 -53.500   66.500 
 -53.750   67.000 
 -53.670   67.580 
 -53.330   68.170 
 -52.580   68.580 
 -51.000   68.580 
 -50.750   69.330 
 -51.250   69.920 
 -52.170   69.470 
 -53.670   69.300 
 -54.830   69.670 
 -54.580   70.250 
 -54.250   70.830 
 -52.830   70.800 
 -51.250   70.500 
 -51.580   71.000 
 -52.750   71.170 
 -52.750   71.170 
 -53.330   71.750 
 -54.000   71.420 
 -55.250   71.420 
 -55.750   71.680 
 -55.330   72.170 
 -55.830   72.580 
 -55.500   73.170 
 -55.670   73.580 
 -56.500   74.000 
 -56.500   74.500 
 -57.500   74.970 
 -58.330   75.320 
 -58.330   75.670 
 -60.000   75.820 
 -61.670   76.170 
 -63.420   76.170 
 -65.330   76.130 
 -66.580   75.920 
 -68.500   76.130 
 -69.500   76.380 
 -68.750   76.600 
 -70.250   76.800 
 -70.000   77.250 
 -68.420   77.350 
 -70.000   77.580 
 -70.330   77.920 
 -70.330   78.750 
