  103.00   66.75
  103.00   66.00
  103.00   65.25
  103.25   65.00
  104.00   65.00
  105.00   65.00
  106.00   65.00
  107.00   65.00
  108.00   65.00
  108.75   65.00
  109.00   64.75
  109.00   64.00
  109.00   63.25
  109.25   63.00
  109.75   63.00
  110.00   62.75
  110.00   62.25
  109.75   62.00
  109.25   62.00
  109.00   61.75
  109.00   61.00
  109.00   60.00
  109.00   59.00
  109.00   58.25
  108.75   58.00
  108.00   58.00
  107.00   58.00
  106.25   58.00
  106.00   57.75
  106.00   57.25
  105.75   57.00
  105.25   57.00
  105.00   56.75
  105.00   56.00
  105.00   55.00
  105.00   54.25
  105.25   54.00
  106.00   54.00
  107.00   54.00
  108.00   54.00
  108.75   54.00
  109.00   54.25
  109.00   55.00
  109.00   55.75
  109.25   56.00
  110.00   56.00
  110.75   56.00
  111.00   56.25
  111.00   56.75
  111.25   57.00
  112.00   57.00
  113.00   57.00
  113.75   57.00
  114.00   56.75
  114.00   56.25
  113.75   56.00
  113.00   56.00
  112.25   56.00
  112.00   55.75
  112.00   55.25
  111.75   55.00
  111.25   55.00
  111.00   54.75
  111.00   54.00
  111.00   53.25
  111.25   53.00
  112.00   53.00
  113.00   53.00
  114.00   53.00
  115.00   53.00
  115.75   53.00
  116.00   53.25
  116.00   53.75
  116.25   54.00
  116.75   54.00
  117.00   54.25
  117.00   54.75
  117.25   55.00
  117.75   55.00
  118.00   54.75
  118.00   54.25
  118.25   54.00
  119.00   54.00
  120.00   54.00
  120.75   54.00
  121.00   54.25
  121.00   54.75
  121.25   55.00
  121.75   55.00
  122.00   54.75
  122.00   54.25
  122.25   54.00
  122.75   54.00
  123.00   54.25
  123.00   54.75
  123.25   55.00
  123.75   55.00
  124.00   55.25
  124.00   55.75
  124.25   56.00
  125.00   56.00
  126.00   56.00
  127.00   56.00
  128.00   56.00
  129.00   56.00
  130.00   56.00
  131.00   56.00
  132.00   56.00
  132.75   56.00
  133.00   55.75
  133.00   55.25
  133.25   55.00
  134.00   55.00
  134.75   55.00
  135.00   55.25
  135.00   55.75
  135.25   56.00
  136.00   56.00
  136.75   56.00
  137.00   56.25
  137.00   57.00
  137.00   57.75
  137.25   58.00
  137.75   58.00
  138.00   58.25
  138.00   58.75
  138.25   59.00
  139.00   59.00
  139.75   59.00
  140.00   59.25
  140.00   59.75
  139.75   60.00
  139.25   60.00
  139.00   60.25
  139.00   61.00
  139.00   61.75
  139.25   62.00
  139.75   62.00
  140.00   62.25
  140.00   62.75
  139.75   63.00
  139.25   63.00
  139.00   63.25
  139.00   64.00
  139.00   64.75
  138.75   65.00
  138.00   65.00
  137.00   65.00
  136.00   65.00
  135.00   65.00
  134.25   65.00
  134.00   64.75
  134.00   64.25
  133.75   64.00
  133.25   64.00
  133.00   64.25
  133.00   64.75
  132.75   65.00
  132.00   65.00
  131.00   65.00
  130.00   65.00
  129.25   65.00
  129.00   65.25
  129.00   65.75
  128.75   66.00
  128.25   66.00
  128.00   66.25
  128.00   67.00
  128.00   67.75
  128.25   68.00
  128.75   68.00
  129.00   68.25
  129.00   69.00
  129.00   70.00
  129.00   70.75
  128.75   71.00
  128.25   71.00
  128.00   71.25
  128.00   72.00
  128.00   72.75
  127.75   73.00
  127.00   73.00
  126.00   73.00
  125.25   73.00
  125.00   73.25
  125.00   73.75
  124.75   74.00
  124.25   74.00
  124.00   73.75
  124.00   73.00
  124.00   72.00
  124.00   71.25
  123.75   71.00
  123.25   71.00
  123.00   70.75
  123.00   70.25
  122.75   70.00
  122.00   70.00
  121.00   70.00
  120.25   70.00
  120.00   69.75
  120.00   69.25
  119.75   69.00
  119.25   69.00
  119.00   68.75
  119.00   68.25
  118.75   68.00
  118.00   68.00
  117.00   68.00
  116.00   68.00
  115.00   68.00
  114.00   68.00
  113.25   68.00
  113.00   67.75
  113.00   67.25
  112.75   67.00
  112.00   67.00
  111.25   67.00
  111.00   66.75
  111.00   66.25
  110.75   66.00
  110.00   66.00
  109.00   66.00
  108.00   66.00
  107.00   66.00
  106.00   66.00
  105.25   66.00
  105.00   66.25
  105.00   66.75
  104.75   67.00
  104.00   67.00
  103.25   67.00
  103.00   66.75
