   94.00   33.75
   94.00   33.25
   94.25   33.00
   94.75   33.00
   95.00   32.75
   95.00   32.25
   95.25   32.00
   95.75   32.00
   96.00   31.75
   96.00   31.25
   96.25   31.00
   96.75   31.00
   97.00   30.75
   97.00   30.25
   97.25   30.00
   97.75   30.00
   98.00   29.75
   98.00   29.00
   98.00   28.25
   98.25   28.00
   98.75   28.00
   99.00   27.75
   99.00   27.00
   99.00   26.00
   99.00   25.25
   99.25   25.00
   99.75   25.00
  100.00   24.75
  100.00   24.00
  100.00   23.25
   99.75   23.00
   99.25   23.00
   99.00   22.75
   99.00   22.00
   99.00   21.25
   99.25   21.00
   99.75   21.00
  100.00   20.75
  100.00   20.25
  100.25   20.00
  100.75   20.00
  101.00   19.75
  101.00   19.00
  101.00   18.00
  101.00   17.00
  101.00   16.00
  101.00   15.00
  101.00   14.25
  101.25   14.00
  101.75   14.00
  102.00   13.75
  102.00   13.25
  102.25   13.00
  102.75   13.00
  103.00   12.75
  103.00   12.25
  103.25   12.00
  103.75   12.00
  104.00   11.75
  104.00   11.25
  104.25   11.00
  105.00   11.00
  105.75   11.00
  106.00   10.75
  106.00   10.25
  106.25   10.00
  106.75   10.00
  107.00   10.25
  107.00   11.00
  107.00   11.75
  107.25   12.00
  107.75   12.00
  108.00   12.25
  108.00   13.00
  108.00   14.00
  108.00   14.75
  107.75   15.00
  107.25   15.00
  107.00   15.25
  107.00   16.00
  107.00   16.75
  106.75   17.00
  106.25   17.00
  106.00   17.25
  106.00   17.75
  105.75   18.00
  105.00   18.00
  104.25   18.00
  104.00   18.25
  104.00   18.75
  103.75   19.00
  103.25   19.00
  103.00   19.25
  103.00   20.00
  103.00   21.00
  103.00   21.75
  102.75   22.00
  102.25   22.00
  102.00   22.25
  102.00   22.75
  101.75   23.00
  101.25   23.00
  101.00   23.25
  101.00   24.00
  101.00   25.00
  101.00   25.75
  100.75   26.00
  100.25   26.00
  100.00   26.25
  100.00   27.00
  100.00   27.75
   99.75   28.00
   99.25   28.00
   99.00   28.25
   99.00   29.00
   99.00   29.75
   98.75   30.00
   98.25   30.00
   98.00   30.25
   98.00   31.00
   98.00   31.75
   97.75   32.00
   97.25   32.00
   97.00   32.25
   97.00   32.75
   96.75   33.00
   96.25   33.00
   96.00   33.25
   96.00   33.75
   95.75   34.00
   95.00   34.00
   94.25   34.00
   94.00   33.75
