 -117.00   52.75
 -117.00   52.00
 -117.00   51.25
 -116.75   51.00
 -116.00   51.00
 -115.25   51.00
 -115.00   50.75
 -115.00   50.25
 -114.75   50.00
 -114.25   50.00
 -114.00   49.75
 -114.00   49.25
 -113.75   49.00
 -113.00   49.00
 -112.00   49.00
 -111.00   49.00
 -110.25   49.00
 -110.00   49.25
 -110.00   49.75
 -109.75   50.00
 -109.00   50.00
 -108.00   50.00
 -107.25   50.00
 -107.00   49.75
 -107.00   49.25
 -106.75   49.00
 -106.00   49.00
 -105.00   49.00
 -104.00   49.00
 -103.25   49.00
 -103.00   48.75
 -103.00   48.25
 -102.75   48.00
 -102.00   48.00
 -101.00   48.00
 -100.00   48.00
  -99.25   48.00
  -99.00   47.75
  -99.00   47.25
  -98.75   47.00
  -98.25   47.00
  -98.00   46.75
  -98.00   46.00
  -98.00   45.25
  -97.75   45.00
  -97.25   45.00
  -97.00   45.25
  -97.00   45.75
  -96.75   46.00
  -96.00   46.00
  -95.25   46.00
  -95.00   46.25
  -95.00   47.00
  -95.00   47.75
  -94.75   48.00
  -94.25   48.00
  -94.00   48.25
  -94.00   48.75
  -93.75   49.00
  -93.00   49.00
  -92.00   49.00
  -91.00   49.00
  -90.25   49.00
  -90.00   49.25
  -90.00   49.75
  -90.25   50.00
  -90.75   50.00
  -91.00   50.25
  -91.00   50.75
  -91.25   51.00
  -92.00   51.00
  -92.75   51.00
  -93.00   51.25
  -93.00   51.75
  -93.25   52.00
  -93.75   52.00
  -94.00   52.25
  -94.00   52.75
  -94.25   53.00
  -95.00   53.00
  -95.75   53.00
  -96.00   53.25
  -96.00   53.75
  -96.25   54.00
  -96.75   54.00
  -97.00   54.25
  -97.00   54.75
  -96.75   55.00
  -96.25   55.00
  -96.00   55.25
  -96.00   55.75
  -95.75   56.00
  -95.00   56.00
  -94.00   56.00
  -93.25   56.00
  -93.00   56.25
  -93.00   56.75
  -92.75   57.00
  -92.25   57.00
  -92.00   57.25
  -92.00   57.75
  -92.25   58.00
  -92.75   58.00
  -93.00   57.75
  -93.00   57.25
  -93.25   57.00
  -94.00   57.00
  -95.00   57.00
  -96.00   57.00
  -97.00   57.00
  -98.00   57.00
  -98.75   57.00
  -99.00   56.75
  -99.00   56.25
  -99.25   56.00
  -99.75   56.00
 -100.00   55.75
 -100.00   55.25
 -100.25   55.00
 -101.00   55.00
 -102.00   55.00
 -103.00   55.00
 -104.00   55.00
 -104.75   55.00
 -105.00   54.75
 -105.00   54.25
 -105.25   54.00
 -105.75   54.00
 -106.00   53.75
 -106.00   53.25
 -106.25   53.00
 -107.00   53.00
 -108.00   53.00
 -108.75   53.00
 -109.00   53.25
 -109.00   53.75
 -109.25   54.00
 -110.00   54.00
 -111.00   54.00
 -112.00   54.00
 -113.00   54.00
 -114.00   54.00
 -114.75   54.00
 -115.00   53.75
 -115.00   53.25
 -115.25   53.00
 -116.00   53.00
 -116.75   53.00
 -117.00   52.75
