   24.00   10.75
   24.00   10.00
   24.00    9.00
   24.00    8.25
   24.25    8.00
   24.75    8.00
   25.00    7.75
   25.00    7.25
   25.25    7.00
   25.75    7.00
   26.00    6.75
   26.00    6.25
   26.25    6.00
   26.75    6.00
   27.00    5.75
   27.00    5.25
   27.25    5.00
   27.75    5.00
   28.00    4.75
   28.00    4.25
   28.25    4.00
   29.00    4.00
   30.00    4.00
   30.75    4.00
   31.00    3.75
   31.00    3.00
   31.00    2.25
   30.75    2.00
   30.25    2.00
   30.00    1.75
   30.00    1.25
   29.75    1.00
   29.25    1.00
   29.00     .75
   29.00     .00
   29.00   -1.00
   29.00   -2.00
   29.00   -2.75
   29.25   -3.00
   30.00   -3.00
   31.00   -3.00
   32.00   -3.00
   33.00   -3.00
   34.00   -3.00
   34.75   -3.00
   35.00   -2.75
   35.00   -2.25
   35.25   -2.00
   35.75   -2.00
   36.00   -1.75
   36.00   -1.00
   36.00     .00
   36.00     .75
   35.75    1.00
   35.25    1.00
   35.00    1.25
   35.00    2.00
   35.00    3.00
   35.00    3.75
   34.75    4.00
   34.25    4.00
   34.00    4.25
   34.00    4.75
   34.25    5.00
   34.75    5.00
   35.00    5.25
   35.00    5.75
   35.25    6.00
   35.75    6.00
   36.00    6.25
   36.00    7.00
   36.00    7.75
   36.25    8.00
   36.75    8.00
   37.00    8.25
   37.00    8.75
   37.25    9.00
   38.00    9.00
   38.75    9.00
   39.00    9.25
   39.00    9.75
   39.25   10.00
   39.75   10.00
   40.00   10.25
   40.00   11.00
   40.00   11.75
   39.75   12.00
   39.25   12.00
   39.00   12.25
   39.00   13.00
   39.00   13.75
   38.75   14.00
   38.25   14.00
   38.00   14.25
   38.00   14.75
   37.75   15.00
   37.25   15.00
   37.00   15.25
   37.00   16.00
   37.00   16.75
   36.75   17.00
   36.25   17.00
   36.00   17.25
   36.00   18.00
   36.00   19.00
   36.00   19.75
   35.75   20.00
   35.25   20.00
   35.00   20.25
   35.00   21.00
   35.00   22.00
   35.00   23.00
   35.00   24.00
   35.00   24.75
   34.75   25.00
   34.25   25.00
   34.00   25.25
   34.00   26.00
   34.00   26.75
   33.75   27.00
   33.25   27.00
   33.00   27.25
   33.00   28.00
   33.00   28.75
   32.75   29.00
   32.25   29.00
   32.00   29.25
   32.00   30.00
   32.00   30.75
   31.75   31.00
   31.25   31.00
   31.00   31.25
   31.00   31.75
   30.75   32.00
   30.25   32.00
   30.00   31.75
   30.00   31.25
   29.75   31.00
   29.25   31.00
   29.00   30.75
   29.00   30.00
   29.00   29.00
   29.00   28.25
   29.25   28.00
   29.75   28.00
   30.00   27.75
   30.00   27.25
   29.75   27.00
   29.25   27.00
   29.00   26.75
   29.00   26.00
   29.00   25.25
   28.75   25.00
   28.25   25.00
   28.00   24.75
   28.00   24.25
   28.25   24.00
   28.75   24.00
   29.00   23.75
   29.00   23.25
   29.25   23.00
   29.75   23.00
   30.00   22.75
   30.00   22.00
   30.00   21.25
   29.75   21.00
   29.25   21.00
   29.00   20.75
   29.00   20.00
   29.00   19.25
   29.25   19.00
   29.75   19.00
   30.00   18.75
   30.00   18.25
   29.75   18.00
   29.25   18.00
   29.00   17.75
   29.00   17.25
   28.75   17.00
   28.25   17.00
   28.00   16.75
   28.00   16.25
   27.75   16.00
   27.25   16.00
   27.00   15.75
   27.00   15.00
   27.00   14.25
   27.25   14.00
   28.00   14.00
   28.75   14.00
   29.00   13.75
   29.00   13.25
   29.25   13.00
   29.75   13.00
   30.00   12.75
   30.00   12.00
   30.00   11.25
   29.75   11.00
   29.25   11.00
   29.00   10.75
   29.00   10.25
   28.75   10.00
   28.00   10.00
   27.25   10.00
   27.00   10.25
   27.00   10.75
   26.75   11.00
   26.00   11.00
   25.00   11.00
   24.25   11.00
   24.00   10.75
