   16.00  -13.25
   16.00  -14.00
   16.00  -15.00
   16.00  -15.75
   16.25  -16.00
   16.75  -16.00
   17.00  -16.25
   17.00  -17.00
   17.00  -17.75
   17.25  -18.00
   17.75  -18.00
   18.00  -18.25
   18.00  -19.00
   18.00  -19.75
   17.75  -20.00
   17.25  -20.00
   17.00  -20.25
   17.00  -21.00
   17.00  -21.75
   17.25  -22.00
   18.00  -22.00
   18.75  -22.00
   19.00  -22.25
   19.00  -22.75
   19.25  -23.00
   20.00  -23.00
   20.75  -23.00
   21.00  -23.25
   21.00  -23.75
   21.25  -24.00
   22.00  -24.00
   23.00  -24.00
   23.75  -24.00
   24.00  -24.25
   24.00  -24.75
   24.25  -25.00
   25.00  -25.00
   25.75  -25.00
   26.00  -24.75
   26.00  -24.25
   25.75  -24.00
   25.25  -24.00
   25.00  -23.75
   25.00  -23.25
   25.25  -23.00
   25.75  -23.00
   26.00  -22.75
   26.00  -22.00
   26.00  -21.25
   26.25  -21.00
   26.75  -21.00
   27.00  -20.75
   27.00  -20.25
   27.25  -20.00
   28.00  -20.00
   28.75  -20.00
   29.00  -19.75
   29.00  -19.25
   28.75  -19.00
   28.00  -19.00
   27.00  -19.00
   26.25  -19.00
   26.00  -18.75
   26.00  -18.25
   25.75  -18.00
   25.00  -18.00
   24.25  -18.00
   24.00  -18.25
   24.00  -18.75
   23.75  -19.00
   23.25  -19.00
   23.00  -18.75
   23.00  -18.25
   22.75  -18.00
   22.25  -18.00
   22.00  -17.75
   22.00  -17.25
   21.75  -17.00
   21.00  -17.00
   20.25  -17.00
   20.00  -16.75
   20.00  -16.00
   20.00  -15.25
   19.75  -15.00
   19.25  -15.00
   19.00  -14.75
   19.00  -14.00
   19.00  -13.00
   19.00  -12.25
   18.75  -12.00
   18.25  -12.00
   18.00  -12.25
   18.00  -13.00
   18.00  -13.75
   17.75  -14.00
   17.25  -14.00
   17.00  -13.75
   17.00  -13.25
   16.75  -13.00
   16.25  -13.00
   16.00  -13.25
