   16.00  -24.25
   16.00  -25.00
   16.00  -26.00
   16.00  -27.00
   16.00  -28.00
   16.00  -28.75
   16.25  -29.00
   17.00  -29.00
   18.00  -29.00
   18.75  -29.00
   19.00  -29.25
   19.00  -29.75
   19.25  -30.00
   19.75  -30.00
   20.00  -30.25
   20.00  -31.00
   20.00  -32.00
   20.00  -32.75
   20.25  -33.00
   20.75  -33.00
   21.00  -32.75
   21.00  -32.25
   21.25  -32.00
   21.75  -32.00
   22.00  -32.25
   22.00  -32.75
   22.25  -33.00
   22.75  -33.00
   23.00  -32.75
   23.00  -32.25
   23.25  -32.00
   24.00  -32.00
   24.75  -32.00
   25.00  -31.75
   25.00  -31.25
   25.25  -31.00
   26.00  -31.00
   27.00  -31.00
   28.00  -31.00
   28.75  -31.00
   29.00  -30.75
   29.00  -30.00
   29.00  -29.00
   29.00  -28.00
   29.00  -27.25
   29.25  -27.00
   30.00  -27.00
   30.75  -27.00
   31.00  -26.75
   31.00  -26.25
   30.75  -26.00
   30.00  -26.00
   29.00  -26.00
   28.00  -26.00
   27.00  -26.00
   26.25  -26.00
   26.00  -25.75
   26.00  -25.25
   25.75  -25.00
   25.00  -25.00
   24.25  -25.00
   24.00  -24.75
   24.00  -24.25
   23.75  -24.00
   23.00  -24.00
   22.00  -24.00
   21.25  -24.00
   21.00  -23.75
   21.00  -23.25
   20.75  -23.00
   20.00  -23.00
   19.25  -23.00
   19.00  -22.75
   19.00  -22.25
   18.75  -22.00
   18.00  -22.00
   17.25  -22.00
   17.00  -22.25
   17.00  -23.00
   17.00  -23.75
   16.75  -24.00
   16.25  -24.00
   16.00  -24.25
