  -75.00    3.75
  -75.00    3.25
  -74.75    3.00
  -74.25    3.00
  -74.00    2.75
  -74.00    2.25
  -73.75    2.00
  -73.00    2.00
  -72.00    2.00
  -71.00    2.00
  -70.00    2.00
  -69.25    2.00
  -69.00    2.25
  -69.00    2.75
  -68.75    3.00
  -68.00    3.00
  -67.00    3.00
  -66.00    3.00
  -65.25    3.00
  -65.00    3.25
  -65.00    3.75
  -64.75    4.00
  -64.00    4.00
  -63.00    4.00
  -62.00    4.00
  -61.25    4.00
  -61.00    4.25
  -61.00    4.75
  -61.25    5.00
  -61.75    5.00
  -62.00    5.25
  -62.00    6.00
  -62.00    7.00
  -62.00    7.75
  -61.75    8.00
  -61.25    8.00
  -61.00    8.25
  -61.00    9.00
  -61.00    9.75
  -61.25   10.00
  -61.75   10.00
  -62.00    9.75
  -62.00    9.25
  -62.25    9.00
  -63.00    9.00
  -64.00    9.00
  -65.00    9.00
  -65.75    9.00
  -66.00    9.25
  -66.00    9.75
  -66.25   10.00
  -67.00   10.00
  -68.00   10.00
  -69.00   10.00
  -69.75   10.00
  -70.00    9.75
  -70.00    9.25
  -70.25    9.00
  -70.75    9.00
  -71.00    8.75
  -71.00    8.25
  -71.25    8.00
  -71.75    8.00
  -72.00    7.75
  -72.00    7.00
  -72.00    6.25
  -72.25    6.00
  -72.75    6.00
  -73.00    5.75
  -73.00    5.25
  -73.25    5.00
  -73.75    5.00
  -74.00    4.75
  -74.00    4.25
  -74.25    4.00
  -74.75    4.00
  -75.00    3.75
