  -67.00  -19.25
  -67.00  -20.00
  -67.00  -21.00
  -67.00  -22.00
  -67.00  -23.00
  -67.00  -24.00
  -67.00  -25.00
  -67.00  -25.75
  -66.75  -26.00
  -66.00  -26.00
  -65.25  -26.00
  -65.00  -26.25
  -65.00  -26.75
  -64.75  -27.00
  -64.25  -27.00
  -64.00  -27.25
  -64.00  -27.75
  -63.75  -28.00
  -63.25  -28.00
  -63.00  -28.25
  -63.00  -29.00
  -63.00  -29.75
  -62.75  -30.00
  -62.25  -30.00
  -62.00  -30.25
  -62.00  -30.75
  -62.25  -31.00
  -62.75  -31.00
  -63.00  -31.25
  -63.00  -31.75
  -63.25  -32.00
  -64.00  -32.00
  -64.75  -32.00
  -65.00  -32.25
  -65.00  -32.75
  -64.75  -33.00
  -64.00  -33.00
  -63.25  -33.00
  -63.00  -33.25
  -63.00  -33.75
  -62.75  -34.00
  -62.00  -34.00
  -61.00  -34.00
  -60.00  -34.00
  -59.25  -34.00
  -59.00  -34.25
  -59.00  -34.75
  -58.75  -35.00
  -58.00  -35.00
  -57.25  -35.00
  -57.00  -34.75
  -57.00  -34.25
  -56.75  -34.00
  -56.25  -34.00
  -56.00  -33.75
  -56.00  -33.25
  -55.75  -33.00
  -55.00  -33.00
  -54.25  -33.00
  -54.00  -32.75
  -54.00  -32.00
  -54.00  -31.00
  -54.00  -30.00
  -54.00  -29.25
  -53.75  -29.00
  -53.25  -29.00
  -53.00  -28.75
  -53.00  -28.25
  -52.75  -28.00
  -52.00  -28.00
  -51.25  -28.00
  -51.00  -28.25
  -51.00  -28.75
  -50.75  -29.00
  -50.00  -29.00
  -49.25  -29.00
  -49.00  -28.75
  -49.00  -28.25
  -49.25  -28.00
  -49.75  -28.00
  -50.00  -27.75
  -50.00  -27.25
  -49.75  -27.00
  -49.25  -27.00
  -49.00  -26.75
  -49.00  -26.00
  -49.00  -25.25
  -49.25  -25.00
  -49.75  -25.00
  -50.00  -24.75
  -50.00  -24.25
  -49.75  -24.00
  -49.00  -24.00
  -48.00  -24.00
  -47.00  -24.00
  -46.25  -24.00
  -46.00  -23.75
  -46.00  -23.00
  -46.00  -22.25
  -45.75  -22.00
  -45.00  -22.00
  -44.25  -22.00
  -44.00  -21.75
  -44.00  -21.25
  -44.25  -21.00
  -44.75  -21.00
  -45.00  -20.75
  -45.00  -20.25
  -45.25  -20.00
  -45.75  -20.00
  -46.00  -19.75
  -46.00  -19.00
  -46.00  -18.25
  -46.25  -18.00
  -46.75  -18.00
  -47.00  -17.75
  -47.00  -17.00
  -47.00  -16.25
  -47.25  -16.00
  -48.00  -16.00
  -49.00  -16.00
  -49.75  -16.00
  -50.00  -16.25
  -50.00  -16.75
  -50.25  -17.00
  -51.00  -17.00
  -52.00  -17.00
  -53.00  -17.00
  -53.75  -17.00
  -54.00  -16.75
  -54.00  -16.25
  -54.25  -16.00
  -54.75  -16.00
  -55.00  -15.75
  -55.00  -15.00
  -55.00  -14.25
  -55.25  -14.00
  -55.75  -14.00
  -56.00  -14.25
  -56.00  -14.75
  -56.25  -15.00
  -57.00  -15.00
  -58.00  -15.00
  -58.75  -15.00
  -59.00  -15.25
  -59.00  -16.00
  -59.00  -16.75
  -59.25  -17.00
  -59.75  -17.00
  -60.00  -17.25
  -60.00  -18.00
  -60.00  -18.75
  -60.25  -19.00
  -60.75  -19.00
  -61.00  -19.25
  -61.00  -19.75
  -61.25  -20.00
  -61.75  -20.00
  -62.00  -20.25
  -62.00  -20.75
  -62.25  -21.00
  -63.00  -21.00
  -63.75  -21.00
  -64.00  -20.75
  -64.00  -20.25
  -64.25  -20.00
  -64.75  -20.00
  -65.00  -19.75
  -65.00  -19.25
  -65.25  -19.00
  -66.00  -19.00
  -66.75  -19.00
  -67.00  -19.25
