   10.00   30.00
   10.25   30.00
   10.50   30.00
   10.75   30.00
   11.00   30.00
   11.25   30.00
   11.50   30.00
   11.75   30.00
   12.00   30.00
   12.25   30.00
   12.50   30.00
   12.75   30.00
   13.00   30.00
   13.25   30.00
   13.50   30.00
   13.75   30.00
   14.00   30.00
   14.25   30.00
   14.50   30.00
   14.75   30.00
   15.00   30.00
   15.25   30.00
   15.50   30.00
   15.75   30.00
   16.00   30.00
   16.25   30.00
   16.50   30.00
   16.75   30.00
   17.00   30.00
   17.25   30.00
   17.50   30.00
   17.75   30.00
   18.00   30.00
   18.25   30.00
   18.50   30.00
   18.75   30.00
   19.00   30.00
   19.25   30.00
   19.50   30.00
   19.75   30.00
   20.00   30.00
   20.00   29.75
   20.00   29.50
   20.00   29.25
   20.00   29.00
   20.00   28.75
   20.00   28.50
   20.00   28.25
   20.00   28.00
   20.00   27.75
   20.00   27.50
   20.00   27.25
   20.00   27.00
   20.00   26.75
   20.00   26.50
   20.00   26.25
   20.00   26.00
   20.00   25.75
   20.00   25.50
   20.00   25.25
   20.00   25.00
   20.00   24.75
   20.00   24.50
   20.00   24.25
   20.00   24.00
   20.00   23.75
   20.00   23.50
   20.00   23.25
   20.00   23.00
   20.00   22.75
   20.00   22.50
   20.00   22.25
   20.00   22.00
   20.00   21.75
   20.00   21.50
   20.00   21.25
   20.00   21.00
   20.00   20.75
   20.00   20.50
   20.00   20.25
   20.00   20.00
   19.75   20.00
   19.50   20.00
   19.25   20.00
   19.00   20.00
   18.75   20.00
   18.50   20.00
   18.25   20.00
   18.00   20.00
   17.75   20.00
   17.50   20.00
   17.25   20.00
   17.00   20.00
   16.75   20.00
   16.50   20.00
   16.25   20.00
   16.00   20.00
   15.75   20.00
   15.50   20.00
   15.25   20.00
   15.00   20.00
   14.75   20.00
   14.50   20.00
   14.25   20.00
   14.00   20.00
   13.75   20.00
   13.50   20.00
   13.25   20.00
   13.00   20.00
   12.75   20.00
   12.50   20.00
   12.25   20.00
   12.00   20.00
   11.75   20.00
   11.50   20.00
   11.25   20.00
   11.00   20.00
   10.75   20.00
   10.50   20.00
   10.25   20.00
   10.00   20.00
   10.00   20.25
   10.00   20.50
   10.00   20.75
   10.00   21.00
   10.00   21.25
   10.00   21.50
   10.00   21.75
   10.00   22.00
   10.00   22.25
   10.00   22.50
   10.00   22.75
   10.00   23.00
   10.00   23.25
   10.00   23.50
   10.00   23.75
   10.00   24.00
   10.00   24.25
   10.00   24.50
   10.00   24.75
   10.00   25.00
   10.00   25.25
   10.00   25.50
   10.00   25.75
   10.00   26.00
   10.00   26.25
   10.00   26.50
   10.00   26.75
   10.00   27.00
   10.00   27.25
   10.00   27.50
   10.00   27.75
   10.00   28.00
   10.00   28.25
   10.00   28.50
   10.00   28.75
   10.00   29.00
   10.00   29.25
   10.00   29.50
   10.00   29.75
