  -94.00   48.75
  -94.00   48.25
  -93.75   48.00
  -93.25   48.00
  -93.00   47.75
  -93.00   47.00
  -93.00   46.25
  -92.75   46.00
  -92.00   46.00
  -91.00   46.00
  -90.00   46.00
  -89.25   46.00
  -89.00   45.75
  -89.00   45.00
  -89.00   44.00
  -89.00   43.25
  -88.75   43.00
  -88.25   43.00
  -88.00   42.75
  -88.00   42.25
  -87.75   42.00
  -87.00   42.00
  -86.25   42.00
  -86.00   41.75
  -86.00   41.25
  -85.75   41.00
  -85.00   41.00
  -84.00   41.00
  -83.00   41.00
  -82.00   41.00
  -81.00   41.00
  -80.25   41.00
  -80.00   41.25
  -80.00   41.75
  -79.75   42.00
  -79.00   42.00
  -78.25   42.00
  -78.00   42.25
  -78.00   42.75
  -77.75   43.00
  -77.25   43.00
  -77.00   42.75
  -77.00   42.25
  -76.75   42.00
  -76.25   42.00
  -76.00   42.25
  -76.00   42.75
  -75.75   43.00
  -75.25   43.00
  -75.00   43.25
  -75.00   43.75
  -74.75   44.00
  -74.25   44.00
  -74.00   43.75
  -74.00   43.25
  -73.75   43.00
  -73.25   43.00
  -73.00   43.25
  -73.00   43.75
  -72.75   44.00
  -72.25   44.00
  -72.00   44.25
  -72.00   44.75
  -71.75   45.00
  -71.00   45.00
  -70.25   45.00
  -70.00   45.25
  -70.00   46.00
  -70.00   47.00
  -70.00   47.75
  -70.25   48.00
  -71.00   48.00
  -72.00   48.00
  -73.00   48.00
  -73.75   48.00
  -74.00   48.25
  -74.00   48.75
  -74.25   49.00
  -74.75   49.00
  -75.00   48.75
  -75.00   48.25
  -75.25   48.00
  -76.00   48.00
  -77.00   48.00
  -78.00   48.00
  -79.00   48.00
  -80.00   48.00
  -80.75   48.00
  -81.00   47.75
  -81.00   47.25
  -81.25   47.00
  -81.75   47.00
  -82.00   47.25
  -82.00   47.75
  -82.25   48.00
  -83.00   48.00
  -83.75   48.00
  -84.00   48.25
  -84.00   48.75
  -84.25   49.00
  -85.00   49.00
  -85.75   49.00
  -86.00   49.25
  -86.00   49.75
  -86.25   50.00
  -87.00   50.00
  -88.00   50.00
  -89.00   50.00
  -89.75   50.00
  -90.00   49.75
  -90.00   49.25
  -90.25   49.00
  -91.00   49.00
  -92.00   49.00
  -93.00   49.00
  -93.75   49.00
  -94.00   48.75
