  -55.00  -15.25
  -55.00  -15.75
  -54.75  -16.00
  -54.25  -16.00
  -54.00  -16.25
  -54.00  -16.75
  -53.75  -17.00
  -53.00  -17.00
  -52.00  -17.00
  -51.00  -17.00
  -50.25  -17.00
  -50.00  -16.75
  -50.00  -16.25
  -49.75  -16.00
  -49.00  -16.00
  -48.25  -16.00
  -48.00  -15.75
  -48.00  -15.25
  -47.75  -15.00
  -47.25  -15.00
  -47.00  -14.75
  -47.00  -14.25
  -46.75  -14.00
  -46.25  -14.00
  -46.00  -13.75
  -46.00  -13.00
  -46.00  -12.00
  -46.00  -11.00
  -46.00  -10.00
  -46.00   -9.00
  -46.00   -8.25
  -46.25   -8.00
  -46.75   -8.00
  -47.00   -7.75
  -47.00   -7.00
  -47.00   -6.00
  -47.00   -5.25
  -47.25   -5.00
  -47.75   -5.00
  -48.00   -4.75
  -48.00   -4.25
  -47.75   -4.00
  -47.25   -4.00
  -47.00   -3.75
  -47.00   -3.00
  -47.00   -2.25
  -47.25   -2.00
  -47.75   -2.00
  -48.00   -1.75
  -48.00   -1.25
  -48.25   -1.00
  -49.00   -1.00
  -50.00   -1.00
  -50.75   -1.00
  -51.00   -1.25
  -51.00   -1.75
  -50.75   -2.00
  -50.25   -2.00
  -50.00   -2.25
  -50.00   -3.00
  -50.00   -4.00
  -50.00   -4.75
  -50.25   -5.00
  -50.75   -5.00
  -51.00   -5.25
  -51.00   -5.75
  -51.25   -6.00
  -51.75   -6.00
  -52.00   -6.25
  -52.00   -6.75
  -51.75   -7.00
  -51.25   -7.00
  -51.00   -7.25
  -51.00   -8.00
  -51.00   -9.00
  -51.00  -10.00
  -51.00  -11.00
  -51.00  -12.00
  -51.00  -12.75
  -51.25  -13.00
  -51.75  -13.00
  -52.00  -13.25
  -52.00  -13.75
  -52.25  -14.00
  -52.75  -14.00
  -53.00  -14.25
  -53.00  -14.75
  -53.25  -15.00
  -54.00  -15.00
  -54.75  -15.00
  -55.00  -15.25
