   81.00   69.75
   81.00   69.25
   81.25   69.00
   81.75   69.00
   82.00   68.75
   82.00   68.25
   82.25   68.00
   83.00   68.00
   83.75   68.00
   84.00   67.75
   84.00   67.00
   84.00   66.25
   84.25   66.00
   84.75   66.00
   85.00   65.75
   85.00   65.00
   85.00   64.25
   85.25   64.00
   85.75   64.00
   86.00   63.75
   86.00   63.00
   86.00   62.00
   86.00   61.00
   86.00   60.25
   86.25   60.00
   87.00   60.00
   88.00   60.00
   89.00   60.00
   89.75   60.00
   90.00   59.75
   90.00   59.25
   90.25   59.00
   90.75   59.00
   91.00   58.75
   91.00   58.25
   91.25   58.00
   91.75   58.00
   92.00   57.75
   92.00   57.00
   92.00   56.00
   92.00   55.25
   91.75   55.00
   91.25   55.00
   91.00   54.75
   91.00   54.25
   90.75   54.00
   90.25   54.00
   90.00   53.75
   90.00   53.25
   89.75   53.00
   89.25   53.00
   89.00   52.75
   89.00   52.25
   88.75   52.00
   88.25   52.00
   88.00   51.75
   88.00   51.25
   88.25   51.00
   89.00   51.00
   89.75   51.00
   90.00   50.75
   90.00   50.25
   90.25   50.00
   90.75   50.00
   91.00   50.25
   91.00   50.75
   91.25   51.00
   92.00   51.00
   93.00   51.00
   94.00   51.00
   95.00   51.00
   95.75   51.00
   96.00   50.75
   96.00   50.25
   96.25   50.00
   97.00   50.00
   98.00   50.00
   98.75   50.00
   99.00   49.75
   99.00   49.25
   98.75   49.00
   98.00   49.00
   97.25   49.00
   97.00   48.75
   97.00   48.00
   97.00   47.25
   97.25   47.00
   97.75   47.00
   98.00   47.25
   98.00   47.75
   98.25   48.00
   99.00   48.00
   99.75   48.00
  100.00   47.75
  100.00   47.25
  100.25   47.00
  101.00   47.00
  102.00   47.00
  103.00   47.00
  104.00   47.00
  105.00   47.00
  106.00   47.00
  107.00   47.00
  107.75   47.00
  108.00   47.25
  108.00   47.75
  108.25   48.00
  108.75   48.00
  109.00   48.25
  109.00   48.75
  109.25   49.00
  110.00   49.00
  110.75   49.00
  111.00   49.25
  111.00   50.00
  111.00   50.75
  111.25   51.00
  111.75   51.00
  112.00   51.25
  112.00   51.75
  112.25   52.00
  112.75   52.00
  113.00   52.25
  113.00   52.75
  112.75   53.00
  112.00   53.00
  111.25   53.00
  111.00   53.25
  111.00   54.00
  111.00   54.75
  111.25   55.00
  111.75   55.00
  112.00   55.25
  112.00   55.75
  112.25   56.00
  113.00   56.00
  113.75   56.00
  114.00   56.25
  114.00   56.75
  113.75   57.00
  113.00   57.00
  112.00   57.00
  111.25   57.00
  111.00   56.75
  111.00   56.25
  110.75   56.00
  110.00   56.00
  109.25   56.00
  109.00   55.75
  109.00   55.00
  109.00   54.25
  108.75   54.00
  108.00   54.00
  107.00   54.00
  106.00   54.00
  105.25   54.00
  105.00   54.25
  105.00   55.00
  105.00   56.00
  105.00   56.75
  105.25   57.00
  105.75   57.00
  106.00   57.25
  106.00   57.75
  106.25   58.00
  107.00   58.00
  108.00   58.00
  108.75   58.00
  109.00   58.25
  109.00   59.00
  109.00   60.00
  109.00   61.00
  109.00   61.75
  109.25   62.00
  109.75   62.00
  110.00   62.25
  110.00   62.75
  109.75   63.00
  109.25   63.00
  109.00   63.25
  109.00   64.00
  109.00   64.75
  108.75   65.00
  108.00   65.00
  107.00   65.00
  106.00   65.00
  105.00   65.00
  104.00   65.00
  103.25   65.00
  103.00   65.25
  103.00   65.75
  102.75   66.00
  102.00   66.00
  101.00   66.00
  100.00   66.00
   99.25   66.00
   99.00   66.25
   99.00   66.75
   98.75   67.00
   98.25   67.00
   98.00   67.25
   98.00   67.75
   97.75   68.00
   97.25   68.00
   97.00   68.25
   97.00   68.75
   96.75   69.00
   96.00   69.00
   95.00   69.00
   94.00   69.00
   93.25   69.00
   93.00   68.75
   93.00   68.25
   92.75   68.00
   92.00   68.00
   91.00   68.00
   90.00   68.00
   89.25   68.00
   89.00   68.25
   89.00   68.75
   88.75   69.00
   88.00   69.00
   87.25   69.00
   87.00   69.25
   87.00   70.00
   87.00   71.00
   87.00   71.75
   86.75   72.00
   86.25   72.00
   86.00   72.25
   86.00   72.75
   85.75   73.00
   85.00   73.00
   84.00   73.00
   83.25   73.00
   83.00   72.75
   83.00   72.00
   83.00   71.25
   82.75   71.00
   82.25   71.00
   82.00   70.75
   82.00   70.25
   81.75   70.00
   81.25   70.00
   81.00   69.75
