 -165.00   62.75
 -165.00   62.25
 -164.75   62.00
 -164.00   62.00
 -163.25   62.00
 -163.00   61.75
 -163.00   61.25
 -162.75   61.00
 -162.00   61.00
 -161.25   61.00
 -161.00   61.25
 -161.00   61.75
 -160.75   62.00
 -160.00   62.00
 -159.00   62.00
 -158.00   62.00
 -157.25   62.00
 -157.00   62.25
 -157.00   62.75
 -156.75   63.00
 -156.00   63.00
 -155.00   63.00
 -154.25   63.00
 -154.00   63.25
 -154.00   63.75
 -153.75   64.00
 -153.25   64.00
 -153.00   63.75
 -153.00   63.25
 -152.75   63.00
 -152.00   63.00
 -151.00   63.00
 -150.00   63.00
 -149.00   63.00
 -148.00   63.00
 -147.00   63.00
 -146.00   63.00
 -145.00   63.00
 -144.00   63.00
 -143.25   63.00
 -143.00   62.75
 -143.00   62.25
 -142.75   62.00
 -142.25   62.00
 -142.00   61.75
 -142.00   61.25
 -141.75   61.00
 -141.00   61.00
 -140.00   61.00
 -139.00   61.00
 -138.25   61.00
 -138.00   61.25
 -138.00   61.75
 -137.75   62.00
 -137.25   62.00
 -137.00   61.75
 -137.00   61.00
 -137.00   60.25
 -136.75   60.00
 -136.00   60.00
 -135.25   60.00
 -135.00   59.75
 -135.00   59.25
 -134.75   59.00
 -134.00   59.00
 -133.00   59.00
 -132.25   59.00
 -132.00   58.75
 -132.00   58.25
 -131.75   58.00
 -131.25   58.00
 -131.00   58.25
 -131.00   59.00
 -131.00   60.00
 -131.00   61.00
 -131.00   61.75
 -130.75   62.00
 -130.25   62.00
 -130.00   62.25
 -130.00   63.00
 -130.00   63.75
 -130.25   64.00
 -131.00   64.00
 -132.00   64.00
 -133.00   64.00
 -134.00   64.00
 -135.00   64.00
 -136.00   64.00
 -136.75   64.00
 -137.00   64.25
 -137.00   64.75
 -137.25   65.00
 -138.00   65.00
 -138.75   65.00
 -139.00   65.25
 -139.00   65.75
 -138.75   66.00
 -138.00   66.00
 -137.25   66.00
 -137.00   66.25
 -137.00   66.75
 -136.75   67.00
 -136.25   67.00
 -136.00   67.25
 -136.00   67.75
 -136.25   68.00
 -137.00   68.00
 -138.00   68.00
 -139.00   68.00
 -139.75   68.00
 -140.00   68.25
 -140.00   68.75
 -140.25   69.00
 -141.00   69.00
 -142.00   69.00
 -143.00   69.00
 -144.00   69.00
 -145.00   69.00
 -146.00   69.00
 -146.75   69.00
 -147.00   68.75
 -147.00   68.25
 -147.25   68.00
 -148.00   68.00
 -149.00   68.00
 -150.00   68.00
 -151.00   68.00
 -152.00   68.00
 -153.00   68.00
 -153.75   68.00
 -154.00   67.75
 -154.00   67.25
 -154.25   67.00
 -154.75   67.00
 -155.00   66.75
 -155.00   66.25
 -155.25   66.00
 -156.00   66.00
 -157.00   66.00
 -158.00   66.00
 -158.75   66.00
 -159.00   65.75
 -159.00   65.25
 -159.25   65.00
 -159.75   65.00
 -160.00   64.75
 -160.00   64.00
 -160.00   63.25
 -160.25   63.00
 -161.00   63.00
 -162.00   63.00
 -163.00   63.00
 -164.00   63.00
 -164.75   63.00
 -165.00   62.75
