   19.00  -12.25
   19.00  -13.00
   19.00  -14.00
   19.00  -14.75
   19.25  -15.00
   19.75  -15.00
   20.00  -15.25
   20.00  -16.00
   20.00  -16.75
   20.25  -17.00
   21.00  -17.00
   21.75  -17.00
   22.00  -17.25
   22.00  -17.75
   22.25  -18.00
   22.75  -18.00
   23.00  -18.25
   23.00  -18.75
   23.25  -19.00
   23.75  -19.00
   24.00  -18.75
   24.00  -18.25
   24.25  -18.00
   25.00  -18.00
   25.75  -18.00
   26.00  -18.25
   26.00  -18.75
   26.25  -19.00
   27.00  -19.00
   28.00  -19.00
   28.75  -19.00
   29.00  -19.25
   29.00  -19.75
   29.25  -20.00
   29.75  -20.00
   30.00  -19.75
   30.00  -19.25
   30.25  -19.00
   30.75  -19.00
   31.00  -18.75
   31.00  -18.25
   31.25  -18.00
   32.00  -18.00
   32.75  -18.00
   33.00  -17.75
   33.00  -17.25
   33.25  -17.00
   33.75  -17.00
   34.00  -17.25
   34.00  -17.75
   34.25  -18.00
   34.75  -18.00
   35.00  -18.25
   35.00  -18.75
   35.25  -19.00
   36.00  -19.00
   36.75  -19.00
   37.00  -18.75
   37.00  -18.25
   36.75  -18.00
   36.25  -18.00
   36.00  -17.75
   36.00  -17.00
   36.00  -16.25
   35.75  -16.00
   35.25  -16.00
   35.00  -15.75
   35.00  -15.25
   35.25  -15.00
   35.75  -15.00
   36.00  -14.75
   36.00  -14.00
   36.00  -13.25
   35.75  -13.00
   35.25  -13.00
   35.00  -12.75
   35.00  -12.00
   35.00  -11.00
   35.00  -10.00
   35.00   -9.25
   34.75   -9.00
   34.00   -9.00
   33.25   -9.00
   33.00   -9.25
   33.00   -9.75
   32.75  -10.00
   32.25  -10.00
   32.00  -10.25
   32.00  -10.75
   31.75  -11.00
   31.25  -11.00
   31.00  -11.25
   31.00  -11.75
   30.75  -12.00
   30.25  -12.00
   30.00  -12.25
   30.00  -12.75
   29.75  -13.00
   29.00  -13.00
   28.25  -13.00
   28.00  -12.75
   28.00  -12.25
   27.75  -12.00
   27.00  -12.00
   26.00  -12.00
   25.25  -12.00
   25.00  -11.75
   25.00  -11.25
   24.75  -11.00
   24.00  -11.00
   23.25  -11.00
   23.00  -11.25
   23.00  -11.75
   22.75  -12.00
   22.00  -12.00
   21.00  -12.00
   20.00  -12.00
   19.25  -12.00
   19.00  -12.25
